 $GENNBO  NATOMS=4  NBAS=29  UPPER  BODM  FORMAT=PRECISE  $END
 $NBO  $END
 $COORD
 Borane DF-BP86/def2-SVP
     5    5       0.000000       0.000000       0.000000
     1    1       0.000000       1.214386       0.000000
     1    1      -1.051689      -0.607193       0.000000
     1    1       1.051689      -0.607193       0.000000
 $END
 $BASIS
  CENTER =    1    1    1    1    1    1    1    1    1    1    1    1    1
              1    2    2    2    2    2    3    3    3    3    3    4    4
              4    4    4
   LABEL =    1    1    1  101  102  103  101  102  103  255  252  253  254
            251    1    1  101  102  103    1    1  101  102  103    1    1
            101  102  103
 $END
 $CONTRACT
  NSHELL =   15
    NEXP =   27
   NCOMP =    1    1    1    3    3    5    1    1    3    1    1    3    1
              1    3
   NPRIM =    5    1    1    3    1    1    3    1    1    3    1    1    3
              1    1
    NPTR =    1    6    7    8   11   12   13   16   17   18   21   22   23
             26   27
     EXP =  0.839318301000E+03  0.126264648000E+03  0.286206008000E+02
            0.787937227000E+01  0.240888572000E+01  0.251051090000E+00
            0.836488661000E-01  0.603322236000E+01  0.124991579000E+01
            0.338716764000E+00  0.964156324000E-01  0.500000000000E+00
            0.130107010000E+02  0.196225720000E+01  0.444537960000E+00
            0.121949620000E+00  0.800000000000E+00  0.130107010000E+02
            0.196225720000E+01  0.444537960000E+00  0.121949620000E+00
            0.800000000000E+00  0.130107010000E+02  0.196225720000E+01
            0.444537960000E+00  0.121949620000E+00  0.800000000000E+00
      CS = -0.562888360000E-02 -0.418327946000E-01 -0.184174881000E+00
           -0.468396550000E+00 -0.444579309000E+00  0.100000000000E+01
            0.100000000000E+01  0.000000000000E+00  0.000000000000E+00
            0.000000000000E+00  0.000000000000E+00  0.000000000000E+00
            0.334854848000E-01  0.234721871000E+00  0.813770285000E+00
            0.100000000000E+01  0.000000000000E+00  0.334854848000E-01
            0.234721871000E+00  0.813770285000E+00  0.100000000000E+01
            0.000000000000E+00  0.334854848000E-01  0.234721871000E+00
            0.813770285000E+00  0.100000000000E+01  0.000000000000E+00
      CP =  0.000000000000E+00  0.000000000000E+00  0.000000000000E+00
            0.000000000000E+00  0.000000000000E+00  0.000000000000E+00
            0.000000000000E+00 -0.540325003000E-01 -0.301940344000E+00
           -0.771707917000E+00  0.100000000000E+01  0.000000000000E+00
            0.000000000000E+00  0.000000000000E+00  0.000000000000E+00
            0.000000000000E+00  0.100000000000E+01  0.000000000000E+00
            0.000000000000E+00  0.000000000000E+00  0.000000000000E+00
            0.100000000000E+01  0.000000000000E+00  0.000000000000E+00
            0.000000000000E+00  0.000000000000E+00  0.100000000000E+01
      CD =  0.000000000000E+00  0.000000000000E+00  0.000000000000E+00
            0.000000000000E+00  0.000000000000E+00  0.000000000000E+00
            0.000000000000E+00  0.000000000000E+00  0.000000000000E+00
            0.000000000000E+00  0.000000000000E+00  0.100000000000E+01
            0.000000000000E+00  0.000000000000E+00  0.000000000000E+00
            0.000000000000E+00  0.000000000000E+00  0.000000000000E+00
            0.000000000000E+00  0.000000000000E+00  0.000000000000E+00
            0.000000000000E+00  0.000000000000E+00  0.000000000000E+00
            0.000000000000E+00  0.000000000000E+00  0.000000000000E+00
 $END
 $OVERLAP
  0.100000000000E+01 -0.309981791623E+00  0.100000000000E+01 -0.146254653935E+00
  0.805801622094E+00  0.100000000000E+01  0.000000000000E+00  0.000000000000E+00
  0.000000000000E+00  0.100000000000E+01  0.000000000000E+00  0.000000000000E+00
  0.000000000000E+00 -0.925185853854E-17  0.100000000000E+01  0.000000000000E+00
  0.000000000000E+00  0.000000000000E+00  0.205432527401E-32  0.205432527401E-32
  0.100000000000E+01  0.000000000000E+00  0.000000000000E+00  0.000000000000E+00
 -0.544570530846E+00  0.925185853854E-17  0.000000000000E+00  0.100000000000E+01
  0.000000000000E+00  0.000000000000E+00  0.000000000000E+00 -0.925185853854E-17
 -0.544570530846E+00 -0.205432527401E-32  0.000000000000E+00  0.100000000000E+01
  0.000000000000E+00  0.000000000000E+00  0.000000000000E+00 -0.513581318503E-33
 -0.102716263701E-32 -0.544570530846E+00  0.308148791102E-32  0.102716263701E-32
  0.100000000000E+01  0.000000000000E+00  0.000000000000E+00  0.000000000000E+00
  0.000000000000E+00  0.000000000000E+00  0.000000000000E+00  0.000000000000E+00
  0.000000000000E+00  0.000000000000E+00  0.100000000000E+01  0.111193617183E-33
  0.177909787493E-32  0.889548937466E-33  0.000000000000E+00  0.000000000000E+00
  0.000000000000E+00  0.000000000000E+00  0.000000000000E+00  0.000000000000E+00
  0.222387234366E-32  0.100000000000E+01  0.000000000000E+00  0.177909787493E-32
  0.177909787493E-32  0.000000000000E+00  0.000000000000E+00  0.000000000000E+00
  0.000000000000E+00  0.000000000000E+00  0.000000000000E+00  0.000000000000E+00
  0.000000000000E+00  0.100000000000E+01  0.000000000000E+00  0.000000000000E+00
  0.000000000000E+00  0.000000000000E+00  0.000000000000E+00  0.000000000000E+00
  0.000000000000E+00  0.000000000000E+00  0.000000000000E+00  0.000000000000E+00
  0.770371977755E-33 -0.154074395551E-32  0.100000000000E+01  0.370349141965E-49
 -0.395039084762E-48 -0.296279313572E-48  0.000000000000E+00  0.000000000000E+00
  0.000000000000E+00  0.000000000000E+00  0.000000000000E+00  0.000000000000E+00
 -0.395039084762E-48  0.154074395551E-32  0.154074395551E-32  0.000000000000E+00
  0.100000000000E+01 -0.458260679471E-01  0.367109387958E+00  0.390165685965E+00
  0.166533453694E-15 -0.450855314011E+00  0.119541495572E-16 -0.166533453694E-15
  0.476479707479E+00 -0.126335644877E-16 -0.200156507514E+00  0.138775468098E-31
 -0.183840769691E-16 -0.346681240479E+00 -0.252388852588E-15  0.100000000000E+01
 -0.102715001948E+00  0.589806867098E+00  0.749922564779E+00  0.124900090270E-15
 -0.315953376118E+00  0.837730818256E-17 -0.222044604925E-15  0.593226106842E+00
 -0.157290229970E-16 -0.493568548464E-01  0.342208240954E-32 -0.453335357277E-17
 -0.854885802958E-01 -0.691064715419E-16  0.684799824745E+00  0.100000000000E+01
 -0.242861286637E-16  0.104083408559E-15  0.451028103754E-16 -0.198336357960E+00
 -0.201227923213E-15  0.123259516441E-31  0.192109602072E+00  0.693889390391E-16
 -0.346667389990E-32 -0.451028103754E-16 -0.978252073140E-17 -0.266864681240E-31
 -0.342527728512E-15  0.368951503833E+00  0.000000000000E+00  0.000000000000E+00
  0.100000000000E+01  0.658496716121E-01 -0.282276504818E+00 -0.116840035025E+00
 -0.208166817117E-15  0.358150761625E+00 -0.147549114925E-16  0.724247051220E-16
  0.180018908037E-01  0.461635818605E-17  0.132158271757E+00 -0.149867035222E-31
  0.219210610680E-16  0.228904841323E+00  0.324499953327E-15  0.000000000000E+00
  0.000000000000E+00 -0.162353758920E-32  0.100000000000E+01 -0.174596327975E-17
  0.748438678709E-17  0.309794120098E-17  0.962964972194E-32 -0.147549114925E-16
 -0.198336357960E+00 -0.385185988877E-32  0.461635818605E-17  0.192109602072E+00
 -0.204479176983E-16 -0.144222201479E-15  0.368951503833E+00 -0.158517908997E-16
 -0.800594043719E-32  0.000000000000E+00  0.000000000000E+00  0.000000000000E+00
  0.000000000000E+00  0.100000000000E+01 -0.458260679471E-01  0.367109387958E+00
  0.390165685965E+00  0.390452155364E+00  0.225427657005E+00 -0.119541495572E-16
 -0.412643531065E+00 -0.238239853740E+00  0.126335644877E-16 -0.200156507514E+00
 -0.159210776804E-16 -0.919203848457E-17  0.173340620240E+00  0.300234761271E+00
  0.206303421832E-01  0.146445585258E+00 -0.106784300056E-01 -0.184955833148E-01
  0.653865256316E-18  0.100000000000E+01 -0.102715001948E+00  0.589806867098E+00
  0.749922564779E+00  0.273623650130E+00  0.157976688059E+00 -0.837730818256E-17
 -0.513748878713E+00 -0.296613053421E+00  0.157290229970E-16 -0.493568548464E-01
 -0.392599935836E-17 -0.226667678639E-17  0.427442901479E-01  0.740352822696E-01
  0.146445585258E+00  0.381613587217E+00 -0.492832460819E-01 -0.853610861758E-01
  0.301772847829E-17  0.684799824745E+00  0.100000000000E+01 -0.570274884469E-01
  0.244458624064E+00  0.101186438511E+00  0.219028981728E+00  0.240965991220E+00
 -0.127781281831E-16  0.615288186208E-01 -0.753908504765E-01  0.399788346209E-17
 -0.114452420662E+00 -0.139951656181E-16 -0.137280536146E-16 -0.606419837245E-01
  0.263916506951E+00  0.106784300056E-01  0.492832460819E-01 -0.388896133355E-02
 -0.985460266601E-02  0.174192459584E-18  0.000000000000E+00  0.000000000000E+00
  0.100000000000E+01 -0.329248358061E-01  0.141138252409E+00  0.584200175126E-01
  0.240965991220E+00 -0.592145780642E-01 -0.737745574627E-17 -0.753908504765E-01
  0.148582674255E+00  0.230817909303E-17 -0.660791358784E-01 -0.137280536146E-16
  0.185662528155E-17  0.333939838206E+00 -0.606419837245E-01  0.184955833148E-01
  0.853610861758E-01 -0.985460266601E-02 -0.152680763375E-01  0.301710190295E-18
  0.000000000000E+00  0.000000000000E+00  0.000000000000E+00  0.100000000000E+01
  0.174596327975E-17 -0.748438678709E-17 -0.309794120098E-17 -0.127781281831E-16
 -0.737745574627E-17 -0.198336357960E+00  0.399788346209E-17  0.230817909303E-17
  0.192109602072E+00  0.204479176983E-16 -0.319521375084E+00 -0.184475751917E+00
 -0.792589544985E-17 -0.137280536146E-16  0.000000000000E+00  0.000000000000E+00
  0.174192459584E-18  0.301710190295E-18  0.180059616843E-02  0.000000000000E+00
  0.000000000000E+00  0.000000000000E+00  0.000000000000E+00  0.100000000000E+01
 -0.458260679471E-01  0.367109387958E+00  0.390165685965E+00 -0.390452155364E+00
  0.225427657005E+00 -0.770371977755E-33  0.412643531065E+00 -0.238239853740E+00
  0.000000000000E+00 -0.200156507514E+00  0.525164458154E-33  0.400297021860E-32
  0.173340620240E+00 -0.300234761271E+00  0.206303421832E-01  0.146445585258E+00
  0.106784300056E-01 -0.184955833148E-01  0.000000000000E+00  0.206303421832E-01
  0.146445585258E+00  0.213568600113E-01 -0.835140566117E-17 -0.130773051263E-17
  0.100000000000E+01 -0.102715001948E+00  0.589806867098E+00  0.749922564779E+00
 -0.273623650130E+00  0.157976688059E+00  0.000000000000E+00  0.513748878713E+00
 -0.296613053421E+00  0.154074395551E-32 -0.493568548464E-01  0.604856625875E-33
  0.600445532789E-32  0.427442901479E-01 -0.740352822696E-01  0.146445585258E+00
  0.381613587217E+00  0.492832460819E-01 -0.853610861758E-01  0.000000000000E+00
  0.146445585258E+00  0.381613587217E+00  0.985664921638E-01 -0.385435293496E-16
 -0.603545695658E-17  0.684799824745E+00  0.100000000000E+01  0.570274884469E-01
 -0.244458624064E+00 -0.101186438511E+00  0.219028981728E+00 -0.240965991220E+00
 -0.154074395551E-32  0.615288186208E-01  0.753908504765E-01  0.385185988877E-33
  0.114452420662E+00  0.667161703099E-33 -0.433655107015E-32  0.606419837245E-01
  0.263916506951E+00 -0.106784300056E-01 -0.492832460819E-01 -0.388896133355E-02
  0.985460266601E-02  0.174192459584E-18 -0.213568600113E-01 -0.985664921638E-01
 -0.209576338395E-01  0.000000000000E+00  0.696769838336E-18  0.000000000000E+00
  0.000000000000E+00  0.100000000000E+01 -0.329248358061E-01  0.141138252409E+00
  0.584200175126E-01 -0.240965991220E+00 -0.592145780642E-01  0.000000000000E+00
  0.753908504765E-01  0.148582674255E+00  0.000000000000E+00 -0.660791358784E-01
 -0.667161703099E-32  0.133432340620E-32  0.333939838206E+00  0.606419837245E-01
  0.184955833148E-01  0.853610861758E-01  0.985460266601E-02 -0.152680763375E-01
 -0.301710190295E-18 -0.835140566117E-17 -0.385435293496E-16  0.000000000000E+00
  0.180059616843E-02 -0.272465501452E-33  0.000000000000E+00  0.000000000000E+00
  0.162353758920E-32  0.100000000000E+01  0.000000000000E+00  0.000000000000E+00
 -0.192592994439E-33  0.192592994439E-32 -0.154074395551E-32 -0.198336357960E+00
  0.385185988877E-33  0.000000000000E+00  0.192109602072E+00  0.000000000000E+00
  0.319521375084E+00 -0.184475751917E+00 -0.133432340620E-32  0.867310214029E-32
  0.653865256316E-18  0.301772847829E-17  0.174192459584E-18 -0.301710190295E-18
  0.180059616843E-02  0.000000000000E+00  0.000000000000E+00  0.696769838336E-18
 -0.272465501452E-33  0.180059616843E-02  0.000000000000E+00  0.000000000000E+00
  0.308148791102E-32  0.616297582204E-32  0.100000000000E+01
 $END
 $DENSITY
  0.207376073027E+01  0.149096634647E+00  0.475757687534E+00  0.130072086265E+00
  0.164425089722E+00  0.598698114877E-01  0.000000000000E+00  0.000000000000E+00
  0.000000000000E+00  0.360797997282E+00  0.267150212065E-14  0.485461717157E-14
  0.111802275860E-14  0.000000000000E+00  0.360797997282E+00  0.000000000000E+00
  0.000000000000E+00  0.000000000000E+00  0.000000000000E+00  0.000000000000E+00
  0.000000000000E+00  0.000000000000E+00  0.000000000000E+00  0.000000000000E+00
 -0.115637961390E+00  0.000000000000E+00  0.000000000000E+00  0.370626727843E-01
  0.427460544385E-14  0.520020886679E-14  0.209340433378E-14  0.000000000000E+00
 -0.115637961390E+00  0.000000000000E+00  0.000000000000E+00  0.370626727843E-01
  0.000000000000E+00  0.000000000000E+00  0.000000000000E+00  0.000000000000E+00
  0.000000000000E+00  0.000000000000E+00  0.000000000000E+00  0.000000000000E+00
  0.000000000000E+00  0.350632300959E-02 -0.329110228115E-02 -0.961600639614E-03
  0.000000000000E+00 -0.137687761024E-14  0.000000000000E+00  0.000000000000E+00
  0.401307483797E-15  0.000000000000E+00  0.329246446852E-04  0.000000000000E+00
  0.000000000000E+00  0.000000000000E+00  0.000000000000E+00  0.000000000000E+00
  0.000000000000E+00  0.000000000000E+00  0.000000000000E+00  0.000000000000E+00
  0.000000000000E+00  0.000000000000E+00  0.000000000000E+00  0.000000000000E+00
  0.000000000000E+00  0.000000000000E+00  0.000000000000E+00  0.000000000000E+00
  0.000000000000E+00  0.000000000000E+00  0.000000000000E+00  0.000000000000E+00
  0.000000000000E+00  0.000000000000E+00  0.101221838523E-17  0.129813972849E-14
  0.407800255108E-15  0.000000000000E+00  0.149980168116E-01  0.000000000000E+00
  0.000000000000E+00 -0.480695597553E-02  0.000000000000E+00 -0.658349427657E-16
  0.000000000000E+00  0.000000000000E+00  0.623452762976E-03  0.000000000000E+00
  0.000000000000E+00  0.000000000000E+00  0.149980168116E-01  0.000000000000E+00
  0.000000000000E+00 -0.480695597553E-02  0.000000000000E+00  0.000000000000E+00
  0.000000000000E+00  0.000000000000E+00  0.000000000000E+00  0.000000000000E+00
  0.623452762976E-03  0.108980699781E+00  0.199968902098E+00  0.709051365303E-01
  0.000000000000E+00 -0.311254759758E+00  0.000000000000E+00  0.000000000000E+00
  0.997590512212E-01  0.000000000000E+00 -0.127962939162E-02  0.000000000000E+00
  0.000000000000E+00 -0.129385533033E-01  0.000000000000E+00  0.353622995406E+00
  0.147351535129E-01  0.474670228954E-01  0.163994842911E-01  0.000000000000E+00
 -0.148114864269E+00  0.000000000000E+00  0.000000000000E+00  0.474717184814E-01
  0.000000000000E+00 -0.328672334354E-03  0.000000000000E+00  0.000000000000E+00
 -0.615698878898E-02  0.000000000000E+00  0.147724338744E+00  0.655400052793E-01
  0.000000000000E+00  0.000000000000E+00  0.000000000000E+00 -0.688122984726E-02
  0.000000000000E+00  0.000000000000E+00  0.220547618720E-02  0.000000000000E+00
  0.000000000000E+00  0.000000000000E+00  0.000000000000E+00  0.000000000000E+00
  0.000000000000E+00 -0.286045936262E-03  0.000000000000E+00  0.000000000000E+00
  0.131240540600E-03 -0.108104886361E-01 -0.183542082705E-01 -0.653934527806E-02
  0.000000000000E+00  0.880385392944E-02  0.000000000000E+00  0.000000000000E+00
 -0.282168894630E-02  0.000000000000E+00  0.115643157478E-03  0.000000000000E+00
  0.000000000000E+00  0.365967522645E-03  0.000000000000E+00 -0.154251013265E-01
 -0.544503491855E-02  0.000000000000E+00  0.935532132809E-03  0.000000000000E+00
  0.000000000000E+00  0.000000000000E+00  0.000000000000E+00  0.000000000000E+00
  0.000000000000E+00  0.000000000000E+00  0.000000000000E+00  0.000000000000E+00
  0.000000000000E+00  0.000000000000E+00  0.000000000000E+00  0.000000000000E+00
  0.000000000000E+00  0.000000000000E+00  0.000000000000E+00  0.000000000000E+00
  0.000000000000E+00  0.000000000000E+00  0.108980699781E+00  0.199968902098E+00
  0.709051365303E-01  0.269554528999E+00  0.155627379879E+00  0.000000000000E+00
 -0.863938726150E-01 -0.498795256106E-01  0.000000000000E+00 -0.127962939163E-02
  0.000000000000E+00  0.000000000000E+00  0.646927665163E-02  0.112051158488E-01
 -0.491488860963E-01 -0.439402083511E-01 -0.514101154769E-02 -0.403268177156E-02
  0.000000000000E+00  0.353622995406E+00  0.147351535129E-01  0.474670228954E-01
  0.163994842911E-01  0.128271235135E+00  0.740574321344E-01  0.000000000000E+00
 -0.411117141662E-01 -0.237358592407E-01  0.000000000000E+00 -0.328672334355E-03
  0.000000000000E+00  0.000000000000E+00  0.307849439449E-02  0.533210870208E-02
 -0.439402083511E-01 -0.256662092061E-01 -0.244642115090E-02 -0.237951682344E-04
  0.000000000000E+00  0.147724338744E+00  0.655400052793E-01  0.936215778619E-02
  0.158952106286E-01  0.566323913492E-02  0.488258298526E-02  0.679184050555E-02
  0.000000000000E+00 -0.156489766292E-02 -0.217682635731E-02  0.000000000000E+00
 -0.100149912149E-03  0.000000000000E+00  0.000000000000E+00  0.282330109511E-03
  0.202964157919E-03  0.921899085705E-03 -0.120260335527E-02 -0.931218466372E-04
 -0.458423977420E-03  0.000000000000E+00  0.133585296047E-01  0.471553856396E-02
  0.734459234757E-03  0.540524431805E-02  0.917710413524E-02  0.326967263903E-02
  0.679184050555E-02 -0.295995890309E-02  0.000000000000E+00 -0.217682635731E-02
  0.948684903825E-03  0.000000000000E+00 -0.578215787388E-04  0.000000000000E+00
  0.000000000000E+00 -0.123042571535E-03  0.282330109511E-03  0.646858748723E-02
  0.213056044916E-02 -0.129535684668E-03 -0.432580515816E-03  0.000000000000E+00
  0.771255066325E-02  0.272251745928E-02  0.348268475451E-03  0.332313438652E-03
  0.000000000000E+00  0.000000000000E+00  0.000000000000E+00  0.000000000000E+00
  0.000000000000E+00  0.000000000000E+00  0.000000000000E+00  0.000000000000E+00
  0.000000000000E+00  0.000000000000E+00  0.000000000000E+00  0.000000000000E+00
  0.000000000000E+00  0.000000000000E+00  0.000000000000E+00  0.000000000000E+00
  0.000000000000E+00  0.000000000000E+00  0.000000000000E+00  0.000000000000E+00
  0.000000000000E+00  0.000000000000E+00  0.000000000000E+00  0.000000000000E+00
  0.108980699781E+00  0.199968902098E+00  0.709051365303E-01 -0.269554528999E+00
  0.155627379879E+00  0.000000000000E+00  0.863938726150E-01 -0.498795256106E-01
  0.000000000000E+00 -0.127962939163E-02  0.000000000000E+00  0.000000000000E+00
  0.646927665163E-02 -0.112051158488E-01 -0.491488860963E-01 -0.439402083511E-01
  0.514101154769E-02 -0.403268177156E-02  0.000000000000E+00 -0.491488860963E-01
 -0.439402083511E-01  0.606291063340E-02 -0.243590571567E-02  0.000000000000E+00
  0.353622995406E+00  0.147351535129E-01  0.474670228954E-01  0.163994842911E-01
 -0.128271235135E+00  0.740574321344E-01  0.000000000000E+00  0.411117141662E-01
 -0.237358592407E-01  0.000000000000E+00 -0.328672334355E-03  0.000000000000E+00
  0.000000000000E+00  0.307849439449E-02 -0.533210870208E-02 -0.439402083511E-01
 -0.256662092061E-01  0.244642115090E-02 -0.237951682344E-04  0.000000000000E+00
 -0.439402083511E-01 -0.256662092061E-01  0.124381779563E-02 -0.210676528092E-02
  0.000000000000E+00  0.147724338744E+00  0.655400052793E-01 -0.936215778619E-02
 -0.158952106286E-01 -0.566323913492E-02  0.488258298526E-02 -0.679184050555E-02
  0.000000000000E+00 -0.156489766292E-02  0.217682635731E-02  0.000000000000E+00
  0.100149912149E-03  0.000000000000E+00  0.000000000000E+00 -0.282330109511E-03
  0.202964157919E-03 -0.921899085705E-03  0.120260335527E-02 -0.931218466372E-04
  0.458423977420E-03  0.000000000000E+00 -0.606291063340E-02 -0.124381779563E-02
 -0.602309850406E-03 -0.164444146376E-03  0.000000000000E+00 -0.133585296047E-01
 -0.471553856396E-02  0.734459234757E-03  0.540524431805E-02  0.917710413524E-02
  0.326967263903E-02 -0.679184050555E-02 -0.295995890309E-02  0.000000000000E+00
  0.217682635731E-02  0.948684903825E-03  0.000000000000E+00 -0.578215787388E-04
  0.000000000000E+00  0.000000000000E+00 -0.123042571535E-03 -0.282330109511E-03
  0.646858748723E-02  0.213056044916E-02  0.129535684668E-03 -0.432580515816E-03
  0.000000000000E+00 -0.243590571567E-02 -0.210676528092E-02  0.164444146376E-03
  0.766074879522E-04  0.000000000000E+00  0.771255066325E-02  0.272251745928E-02
 -0.348268475451E-03  0.332313438652E-03  0.000000000000E+00  0.000000000000E+00
  0.000000000000E+00  0.000000000000E+00  0.000000000000E+00  0.000000000000E+00
  0.000000000000E+00  0.000000000000E+00  0.000000000000E+00  0.000000000000E+00
  0.000000000000E+00  0.000000000000E+00  0.000000000000E+00  0.000000000000E+00
  0.000000000000E+00  0.000000000000E+00  0.000000000000E+00  0.000000000000E+00
  0.000000000000E+00  0.000000000000E+00  0.000000000000E+00  0.000000000000E+00
  0.000000000000E+00  0.000000000000E+00  0.000000000000E+00  0.000000000000E+00
  0.000000000000E+00  0.000000000000E+00  0.000000000000E+00
 $END
 $FOCK
 -0.654078022739E+01  0.217677124479E+01 -0.104365353886E+01  0.104439275246E+01
 -0.694520285538E+00 -0.481658846267E+00 -0.693886679658E-17  0.485721134070E-16
  0.416332569126E-16 -0.116920722647E+00  0.121430237566E-16 -0.693887257229E-16
 -0.416332002160E-16 -0.740147510018E-16 -0.116920722647E+00  0.104938102224E-07
  0.328658600430E-07  0.379278917128E-07 -0.855813771043E-23  0.154350906976E-22
 -0.219673929001E-01  0.975778600612E-18 -0.277554984776E-16 -0.346944051097E-16
  0.223236164294E+00 -0.555112083944E-16  0.621215150790E-23 -0.100864964569E+00
 -0.151787799836E-17  0.416332441694E-16  0.555110086279E-16  0.832666353732E-16
  0.223236164294E+00 -0.102426374822E-22 -0.948314519113E-16 -0.100864964569E+00
 -0.111603881521E-08 -0.364015754880E-07 -0.453317017382E-07  0.621215150790E-23
 -0.102426374822E-22  0.149921081620E+00 -0.838178339757E-23  0.152274307445E-22
 -0.128003672856E-01 -0.836825790665E-03  0.868559435300E-01  0.810469710438E-01
  0.607154065395E-17 -0.235753104237E-16 -0.487318290821E-07  0.448134398168E-17
  0.364910769941E-17  0.362297906542E-07  0.925483570654E+00  0.575174438123E-24
 -0.150423862128E-22 -0.114744196773E-22  0.882891887054E-07  0.104715419632E-22
  0.330508089997E-16 -0.757624108615E-07 -0.124665327997E-22 -0.150230920111E-16
 -0.570829453755E-23  0.963594694151E+00 -0.703680277788E-24  0.221621316696E-22
  0.212710184355E-22  0.244415907587E-22  0.882891887054E-07 -0.420646125341E-16
 -0.106076011069E-22 -0.757624108615E-07  0.300462130559E-16  0.160133551996E-22
  0.832668196571E-16  0.963594694151E+00  0.475241961304E-17 -0.278762889297E-17
  0.347777842933E-15  0.355548226178E-16 -0.999703375996E-01  0.167052473783E-22
 -0.488252261547E-16  0.790890493766E-01 -0.119328968301E-22 -0.343403654037E-15
 -0.345374925845E-22  0.933935520424E-07  0.830594741322E+00  0.722987846107E-17
 -0.129198827755E-15 -0.881356535142E-16 -0.999703375996E-01 -0.149859340533E-21
  0.153769026856E-22  0.790890493766E-01  0.450705714651E-17 -0.611470665448E-23
  0.130450757461E-15  0.933935520424E-07  0.228640249774E-22  0.902055064564E-16
  0.830594741322E+00  0.336703260549E+00 -0.343936878548E+00 -0.279604820605E+00
 -0.423272855839E-15  0.248622917473E+00  0.114479345630E-06  0.298372691944E-15
 -0.200221387221E+00 -0.935085691846E-07  0.229023078809E-01  0.199908126173E-21
 -0.313892803224E-07  0.385328153092E-01  0.468722835382E-15 -0.180612822088E+00
  0.734549707839E+00 -0.511001951787E+00 -0.360902423980E+00 -0.260208713593E-15
  0.143803115036E+00  0.757962547500E-07  0.249800334648E-15 -0.763656993774E-01
 -0.451803166380E-07  0.615628503536E-01  0.667534246637E-22 -0.495426802043E-07
  0.546832862134E-01  0.112673881073E-15 -0.346900919385E+00 -0.314130790077E+00
  0.263678013050E-15 -0.298372673426E-15 -0.161329425833E-15  0.553230462457E-01
  0.385109080098E-15  0.256847440187E-21 -0.368076301248E-01 -0.140512783223E-15
 -0.964061007808E-22  0.225515747142E-16  0.773904330721E-07 -0.145643657449E-21
  0.354546990134E-15  0.158924659346E+00 -0.170003147411E-15 -0.166533604012E-15
  0.130736574444E+01 -0.487970534884E+00  0.239004622829E+00  0.165689989266E+00
  0.513478593834E-15 -0.294167447923E-02 -0.228780670877E-07 -0.179544061964E-15
  0.523711798805E-01  0.413275038611E-07  0.206640359772E+00 -0.209559506345E-21
 -0.421980153899E-06  0.356770473249E+00 -0.348537745504E-15  0.168660684451E+00
  0.164739455063E+00  0.416333687787E-15  0.112491398735E+01 -0.233454057761E-06
  0.117699617481E-06  0.820977560350E-07  0.196183764571E-21 -0.323654040998E-07
  0.569654648911E-01 -0.687851583801E-22  0.457646055763E-07 -0.382976216592E-01
  0.228908936935E-06  0.841298425992E-16  0.154955924918E+00  0.242338531202E-06
 -0.194622512245E-21  0.823989096274E-07  0.823421055121E-07  0.526432431219E-22
 -0.868380516528E-07  0.130089313105E+01  0.336703260549E+00 -0.343936878548E+00
 -0.279604820605E+00 -0.215313762495E+00 -0.124311458737E+00  0.114479345630E-06
  0.173396807714E+00  0.100110693610E+00 -0.935085691846E-07  0.229023078809E-01
  0.271839141657E-07  0.156946401612E-07 -0.192664076546E-01 -0.333703969371E-01
 -0.469540487254E-01 -0.144427187906E+00  0.214261057513E-01  0.506702677719E-01
  0.658708513742E-08 -0.180612822088E+00  0.734549707839E+00 -0.511001951787E+00
 -0.360902423980E+00 -0.124537150764E+00 -0.719015575178E-01  0.757962547500E-07
  0.661346356386E-01  0.381828496887E-01 -0.451803166380E-07  0.615628503536E-01
  0.429052196285E-07  0.247713401022E-07 -0.273416431067E-01 -0.473571150232E-01
 -0.144427187906E+00 -0.243170931221E+00  0.201668062157E-01  0.105590537794E+00
  0.347525587449E-07 -0.346900919385E+00 -0.314130790077E+00  0.422594879507E+00
 -0.206984074992E+00 -0.143491739857E+00  0.116245057020E-01 -0.252293641461E-01
  0.198129872875E-07  0.300764773792E-01  0.386155574719E-01 -0.357906682187E-07
 -0.178955801010E+00 -0.297137507156E-06 -0.216233807110E-06  0.856697504366E-01
  0.307309019773E+00 -0.331686862314E-01 -0.813606850212E-01  0.122879009134E-01
  0.431025500158E-01  0.451888351906E-08 -0.146064437354E+00 -0.142668553090E+00
  0.117052692662E+01  0.243985267442E+00 -0.119502311415E+00 -0.828449946328E-01
 -0.252293641461E-01  0.407568660645E-01  0.114390335439E-07  0.386155574719E-01
 -0.145129276235E-01 -0.206637519305E-07 -0.103320179886E+00 -0.216233807110E-06
 -0.474522136706E-07  0.208386112822E+00  0.856697504366E-01 -0.438906857707E-01
 -0.702602353931E-01  0.309879950976E-01  0.550640970790E-01  0.416767039459E-08
 -0.843303422254E-01 -0.823697275316E-01 -0.790039282999E-01  0.126175280516E+01
 -0.233454057761E-06  0.117699617481E-06  0.820977560350E-07  0.280292621542E-07
  0.161827020499E-07  0.569654648911E-01 -0.396333110233E-07 -0.228823027882E-07
 -0.382976216592E-01  0.228908936935E-06 -0.134195767446E+00 -0.774779624590E-01
 -0.121169265601E-06 -0.209871324337E-06  0.658708513742E-08  0.347525587449E-07
 -0.134986667679E-08 -0.599730312154E-08 -0.721709051296E-02  0.823989096274E-07
  0.823421055121E-07  0.752039587465E-07  0.434190258264E-07  0.130089313105E+01
  0.336703260549E+00 -0.343936878548E+00 -0.279604820605E+00  0.215313762495E+00
 -0.124311458737E+00  0.114479345630E-06 -0.173396807714E+00  0.100110693610E+00
 -0.935085691846E-07  0.229023078809E-01 -0.271839141657E-07  0.156946401612E-07
 -0.192664076546E-01  0.333703969371E-01 -0.469540487254E-01 -0.144427187906E+00
 -0.214261057513E-01  0.506702677719E-01  0.658708513742E-08 -0.469540487254E-01
 -0.144427187906E+00 -0.545947919826E-01 -0.677958200118E-02  0.658708513742E-08
 -0.180612822088E+00  0.734549707839E+00 -0.511001951787E+00 -0.360902423980E+00
  0.124537150764E+00 -0.719015575178E-01  0.757962547500E-07 -0.661346356386E-01
  0.381828496887E-01 -0.451803166380E-07  0.615628503536E-01 -0.429052196285E-07
  0.247713401022E-07 -0.273416431067E-01  0.473571150232E-01 -0.144427187906E+00
 -0.243170931221E+00 -0.201668062157E-01  0.105590537794E+00  0.347525587449E-07
 -0.144427187906E+00 -0.243170931221E+00 -0.101527491237E+00 -0.353303024011E-01
  0.347525587449E-07 -0.346900919385E+00 -0.314130790077E+00 -0.422594879507E+00
  0.206984074992E+00  0.143491739857E+00  0.116245057020E-01  0.252293641461E-01
 -0.198129872875E-07  0.300764773792E-01 -0.386155574719E-01  0.357906682187E-07
  0.178955801010E+00 -0.297137507156E-06  0.216233807110E-06 -0.856697504366E-01
  0.307309019773E+00  0.331686862314E-01  0.813606850212E-01  0.122879009134E-01
 -0.431025500158E-01 -0.451888351906E-08  0.545947919826E-01  0.101527491237E+00
  0.764521951618E-01  0.605727745907E-02 -0.586875019585E-08  0.146064437354E+00
  0.142668553090E+00  0.117052692662E+01  0.243985267442E+00 -0.119502311415E+00
 -0.828449946328E-01  0.252293641461E-01  0.407568660645E-01  0.114390335439E-07
 -0.386155574719E-01 -0.145129276235E-01 -0.206637519305E-07 -0.103320179886E+00
  0.216233807110E-06 -0.474522136706E-07  0.208386112822E+00 -0.856697504366E-01
 -0.438906857707E-01 -0.702602353931E-01 -0.309879950976E-01  0.550640970790E-01
  0.416767039459E-08 -0.677958200118E-02 -0.353303024011E-01 -0.605727745907E-02
 -0.910019716943E-02  0.182963272695E-08 -0.843303422254E-01 -0.823697275316E-01
  0.790039282999E-01  0.126175280516E+01 -0.233454057761E-06  0.117699617481E-06
  0.820977560350E-07 -0.280292621542E-07  0.161827020499E-07  0.569654648911E-01
  0.396333110233E-07 -0.228823027882E-07 -0.382976216592E-01  0.228908936935E-06
  0.134195767446E+00 -0.774779624590E-01 -0.121169265601E-06  0.209871324337E-06
  0.658708513742E-08  0.347525587449E-07  0.134986667679E-08 -0.599730312154E-08
 -0.721709051296E-02  0.658708513742E-08  0.347525587449E-07  0.586875019585E-08
  0.182963272695E-08 -0.721709051296E-02  0.823989096274E-07  0.823421055121E-07
 -0.752039587465E-07  0.434190258264E-07  0.130089313105E+01
 $END
 $LCAOMO
  0.988891788012E+00 -0.439006306330E-01  0.236781652590E-01  0.000000000000E+00
  0.947999274567E-15  0.000000000000E+00  0.000000000000E+00  0.563351448823E-15
  0.000000000000E+00  0.254821482489E-02  0.000000000000E+00  0.000000000000E+00
 -0.286134505846E-15  0.000000000000E+00  0.445596816435E-02 -0.444949075490E-02
  0.000000000000E+00 -0.808492586009E-03  0.000000000000E+00  0.445596816435E-02
 -0.444949075490E-02  0.700175118256E-03  0.404246293005E-03  0.000000000000E+00
  0.445596816435E-02 -0.444949075490E-02 -0.700175118256E-03  0.404246293005E-03
  0.000000000000E+00  0.242844387904E+00  0.485748472357E+00  0.171389177703E+00
  0.000000000000E+00  0.108437157907E-14  0.000000000000E+00  0.000000000000E+00
  0.668519059555E-14  0.000000000000E+00 -0.315736021841E-02  0.000000000000E+00
  0.000000000000E+00  0.114415855262E-14  0.000000000000E+00  0.206238571118E+00
  0.484575399349E-01  0.000000000000E+00 -0.189657775452E-01  0.000000000000E+00
  0.206238571118E+00  0.484575399349E-01  0.164248451566E-01  0.948288877258E-02
  0.000000000000E+00  0.206238571118E+00  0.484575399349E-01 -0.164248451566E-01
  0.948288877258E-02  0.000000000000E+00  0.000000000000E+00  0.000000000000E+00
  0.000000000000E+00  0.424734032826E+00  0.000000000000E+00  0.000000000000E+00
 -0.136129851216E+00  0.000000000000E+00  0.000000000000E+00  0.000000000000E+00
  0.000000000000E+00  0.000000000000E+00  0.000000000000E+00  0.176557747349E-01
  0.000000000000E+00  0.000000000000E+00 -0.810063394434E-02  0.000000000000E+00
  0.000000000000E+00  0.317321556746E+00  0.151001833172E+00  0.574781228710E-02
  0.799540415958E-02  0.000000000000E+00 -0.317321556746E+00 -0.151001833172E+00
  0.574781228710E-02 -0.799540415958E-02  0.000000000000E+00  0.317725446647E-15
  0.457273108267E-14  0.825728374565E-15  0.000000000000E+00  0.424734032826E+00
  0.000000000000E+00  0.000000000000E+00 -0.136129851216E+00  0.000000000000E+00
 -0.161849700309E-14  0.000000000000E+00  0.000000000000E+00  0.176557747349E-01
  0.000000000000E+00 -0.366411372414E+00 -0.174361898060E+00  0.000000000000E+00
  0.103639610309E-01  0.000000000000E+00  0.183205686207E+00  0.871809490301E-01
  0.799540415958E-02 -0.348448520053E-02  0.000000000000E+00  0.183205686207E+00
  0.871809490301E-01 -0.799540415958E-02 -0.348448520053E-02  0.000000000000E+00
  0.000000000000E+00  0.000000000000E+00  0.000000000000E+00  0.000000000000E+00
  0.000000000000E+00  0.577707322439E+00  0.000000000000E+00  0.000000000000E+00
 -0.543350831165E+00  0.000000000000E+00  0.000000000000E+00 -0.109634523682E-14
  0.000000000000E+00  0.000000000000E+00  0.000000000000E+00  0.000000000000E+00
  0.000000000000E+00  0.000000000000E+00 -0.211582924930E-01  0.000000000000E+00
  0.000000000000E+00  0.000000000000E+00  0.000000000000E+00 -0.211582924930E-01
  0.000000000000E+00  0.000000000000E+00  0.000000000000E+00  0.000000000000E+00
 -0.211582924930E-01  0.152745871507E-12  0.605189509617E-12  0.215560902461E-11
  0.000000000000E+00  0.322529631373E+00  0.000000000000E+00  0.000000000000E+00
 -0.210666069185E+01  0.000000000000E+00  0.214273043753E-13  0.000000000000E+00
  0.000000000000E+00 -0.532563562173E-01  0.000000000000E+00  0.161939589765E+00
  0.223762681871E+01  0.000000000000E+00  0.105525948873E-01  0.000000000000E+00
 -0.809697948824E-01 -0.111881340936E+01  0.188113445473E-01 -0.220296096274E-01
  0.000000000000E+00 -0.809697948824E-01 -0.111881340936E+01 -0.188113445473E-01
 -0.220296096274E-01  0.000000000000E+00  0.000000000000E+00  0.000000000000E+00
  0.000000000000E+00 -0.322529631373E+00  0.000000000000E+00  0.000000000000E+00
  0.210666069185E+01  0.000000000000E+00  0.000000000000E+00  0.000000000000E+00
  0.000000000000E+00  0.000000000000E+00  0.000000000000E+00  0.532563562174E-01
  0.000000000000E+00  0.000000000000E+00  0.328903444656E-01  0.000000000000E+00
  0.000000000000E+00  0.140243798615E+00  0.193784166919E+01  0.308139950938E-03
 -0.188113445473E-01  0.000000000000E+00 -0.140243798615E+00 -0.193784166919E+01
  0.308139950938E-03  0.188113445473E-01  0.000000000000E+00  0.216769202859E+00
  0.884493881546E+00  0.274538647328E+01  0.000000000000E+00 -0.233813402667E-12
  0.000000000000E+00  0.000000000000E+00  0.153804746716E-11  0.000000000000E+00
  0.357230524413E-01  0.000000000000E+00  0.000000000000E+00  0.410851908050E-13
  0.000000000000E+00 -0.117206953932E+00 -0.148737361827E+01  0.000000000000E+00
 -0.156102391887E-01  0.000000000000E+00 -0.117206953932E+00 -0.148737361827E+01
  0.135188636966E-01  0.780511959438E-02  0.000000000000E+00 -0.117206953932E+00
 -0.148737361827E+01 -0.135188636966E-01  0.780511959438E-02  0.000000000000E+00
 -0.177723274867E+00 -0.128520458455E+01  0.349020355992E+01  0.000000000000E+00
 -0.233836387753E-13  0.000000000000E+00  0.000000000000E+00  0.741628980450E-13
  0.000000000000E+00  0.360703654691E-01  0.000000000000E+00  0.000000000000E+00
 -0.359434704222E-14  0.000000000000E+00 -0.171147058942E+00 -0.827225809188E+00
  0.000000000000E+00  0.107948573728E-01  0.000000000000E+00 -0.171147058942E+00
 -0.827225809188E+00 -0.934862071507E-02 -0.539742868639E-02  0.000000000000E+00
 -0.171147058942E+00 -0.827225809188E+00  0.934862071507E-02 -0.539742868639E-02
  0.000000000000E+00  0.000000000000E+00  0.000000000000E+00  0.000000000000E+00
  0.794105453141E+00  0.000000000000E+00  0.000000000000E+00  0.106554088516E+01
  0.000000000000E+00  0.000000000000E+00  0.000000000000E+00  0.000000000000E+00
  0.000000000000E+00  0.000000000000E+00  0.121060843425E-01  0.000000000000E+00
  0.000000000000E+00  0.887957669849E-03  0.000000000000E+00  0.000000000000E+00
  0.226903411267E+00 -0.131461126791E+00  0.291132898631E-01  0.162959031398E-01
  0.000000000000E+00 -0.226903411267E+00  0.131461126791E+00  0.291132898631E-01
 -0.162959031398E-01  0.000000000000E+00 -0.297175072094E-14 -0.110499174914E-13
  0.547556791575E-13  0.000000000000E+00  0.794105453141E+00  0.000000000000E+00
  0.000000000000E+00  0.106554088516E+01  0.000000000000E+00 -0.142301535139E-14
  0.000000000000E+00  0.000000000000E+00  0.121060843425E-01  0.000000000000E+00
 -0.262005491150E+00  0.151798233882E+00  0.000000000000E+00  0.385217339276E-01
  0.000000000000E+00  0.131002745575E+00 -0.758991169408E-01  0.162959031398E-01
  0.102964017343E-01  0.000000000000E+00  0.131002745575E+00 -0.758991169408E-01
 -0.162959031398E-01  0.102964017343E-01  0.000000000000E+00  0.000000000000E+00
  0.000000000000E+00  0.000000000000E+00  0.000000000000E+00  0.000000000000E+00
  0.102988116621E+01  0.000000000000E+00  0.000000000000E+00  0.106376065010E+01
  0.000000000000E+00  0.000000000000E+00  0.176941794550E-15  0.000000000000E+00
  0.000000000000E+00  0.000000000000E+00  0.000000000000E+00  0.000000000000E+00
  0.000000000000E+00 -0.179832122590E-01  0.000000000000E+00  0.000000000000E+00
  0.000000000000E+00  0.000000000000E+00 -0.179832122590E-01  0.000000000000E+00
  0.000000000000E+00  0.000000000000E+00  0.000000000000E+00 -0.179832122590E-01
 -0.289325854941E-13 -0.127446664333E-12  0.603961325396E-12  0.000000000000E+00
 -0.627434282678E+00  0.000000000000E+00  0.000000000000E+00 -0.170327207213E+01
  0.000000000000E+00 -0.392741394961E-13  0.000000000000E+00  0.000000000000E+00
  0.354916892345E+00  0.000000000000E+00 -0.893623182365E+00  0.232494110061E+01
  0.000000000000E+00 -0.117944990599E+00  0.000000000000E+00  0.446811591183E+00
 -0.116247055031E+01 -0.749872947507E-01  0.119368138311E-01  0.000000000000E+00
  0.446811591183E+00 -0.116247055031E+01  0.749872947507E-01  0.119368138311E-01
  0.000000000000E+00  0.000000000000E+00  0.000000000000E+00  0.000000000000E+00
  0.627434282678E+00  0.000000000000E+00  0.000000000000E+00  0.170327207213E+01
  0.000000000000E+00  0.000000000000E+00  0.000000000000E+00  0.000000000000E+00
  0.000000000000E+00  0.000000000000E+00 -0.354916892346E+00  0.000000000000E+00
  0.000000000000E+00 -0.552307486412E-01  0.000000000000E+00  0.000000000000E+00
 -0.773900377339E+00  0.201345805543E+01  0.746510557890E-01  0.749872947507E-01
  0.000000000000E+00  0.773900377339E+00 -0.201345805543E+01  0.746510557890E-01
 -0.749872947507E-01  0.000000000000E+00 -0.171390551151E+00 -0.751739904640E+00
  0.383634156993E+01  0.000000000000E+00  0.965815968867E-13  0.000000000000E+00
  0.000000000000E+00  0.281830114801E-12  0.000000000000E+00 -0.262174701824E+00
  0.000000000000E+00  0.000000000000E+00 -0.621898366138E-13  0.000000000000E+00
  0.737913612829E+00 -0.187501008444E+01  0.000000000000E+00  0.752370240682E-01
  0.000000000000E+00  0.737913612829E+00 -0.187501008444E+01 -0.651571741481E-01
 -0.376185120341E-01  0.000000000000E+00  0.737913612829E+00 -0.187501008444E+01
  0.651571741481E-01 -0.376185120341E-01  0.000000000000E+00  0.000000000000E+00
  0.000000000000E+00  0.000000000000E+00  0.000000000000E+00  0.000000000000E+00
  0.000000000000E+00  0.000000000000E+00  0.000000000000E+00  0.000000000000E+00
  0.000000000000E+00  0.783155532658E+00  0.000000000000E+00  0.000000000000E+00
  0.000000000000E+00  0.000000000000E+00  0.000000000000E+00  0.000000000000E+00
  0.000000000000E+00  0.000000000000E+00  0.000000000000E+00  0.000000000000E+00
  0.000000000000E+00  0.000000000000E+00 -0.255797719248E+00  0.000000000000E+00
  0.000000000000E+00  0.000000000000E+00  0.000000000000E+00  0.255797719248E+00
  0.000000000000E+00  0.000000000000E+00  0.000000000000E+00  0.000000000000E+00
  0.000000000000E+00  0.160461921528E-15  0.000000000000E+00  0.000000000000E+00
 -0.969710423071E-15  0.000000000000E+00  0.000000000000E+00  0.783155532658E+00
  0.000000000000E+00  0.000000000000E+00  0.000000000000E+00  0.000000000000E+00
  0.000000000000E+00  0.000000000000E+00  0.295369764132E+00  0.000000000000E+00
  0.000000000000E+00  0.000000000000E+00  0.000000000000E+00 -0.147684882066E+00
  0.000000000000E+00  0.000000000000E+00  0.000000000000E+00  0.000000000000E+00
 -0.147684882066E+00  0.118980346409E-14  0.206085148946E-14  0.166672231572E-13
  0.000000000000E+00  0.300378578771E+00  0.000000000000E+00  0.000000000000E+00
 -0.478728031467E+00  0.000000000000E+00 -0.285149508172E-13  0.000000000000E+00
  0.000000000000E+00  0.723150717649E+00  0.000000000000E+00  0.738767998040E+00
 -0.467007266476E-01  0.000000000000E+00  0.179062648260E+00  0.000000000000E+00
 -0.369383999020E+00  0.233503633238E-01 -0.871240361726E-01  0.329965905471E+00
  0.000000000000E+00 -0.369383999020E+00  0.233503633238E-01  0.871240361726E-01
  0.329965905471E+00  0.000000000000E+00  0.000000000000E+00  0.000000000000E+00
  0.000000000000E+00  0.300378578771E+00  0.000000000000E+00  0.000000000000E+00
 -0.478728031467E+00  0.000000000000E+00  0.000000000000E+00  0.000000000000E+00
  0.000000000000E+00  0.000000000000E+00  0.000000000000E+00  0.723150717649E+00
  0.000000000000E+00  0.000000000000E+00  0.380266991209E+00  0.000000000000E+00
  0.000000000000E+00 -0.639791853806E+00  0.404440156520E-01  0.229363733997E+00
 -0.871240361726E-01  0.000000000000E+00  0.639791853806E+00 -0.404440156520E-01
  0.229363733997E+00  0.871240361726E-01  0.000000000000E+00 -0.541212404478E-01
 -0.104233870054E+00 -0.273088912613E+00  0.000000000000E+00  0.908114187147E-14
  0.000000000000E+00  0.000000000000E+00 -0.159158710517E-13  0.000000000000E+00
  0.103846920262E+01  0.000000000000E+00  0.000000000000E+00  0.194545985224E-13
  0.000000000000E+00  0.471325646042E+00 -0.853986667801E-01  0.000000000000E+00
  0.902214877560E-01  0.000000000000E+00  0.471325646042E+00 -0.853986667801E-01
 -0.781341003640E-01 -0.451107438780E-01  0.000000000000E+00  0.471325646042E+00
 -0.853986667801E-01  0.781341003640E-01 -0.451107438780E-01  0.000000000000E+00
  0.000000000000E+00  0.000000000000E+00  0.000000000000E+00 -0.100523159675E-14
  0.000000000000E+00  0.000000000000E+00 -0.474446870680E-14  0.000000000000E+00
  0.000000000000E+00  0.000000000000E+00  0.000000000000E+00  0.000000000000E+00
  0.000000000000E+00  0.577771337718E-14  0.000000000000E+00  0.000000000000E+00
  0.581192950151E+00  0.000000000000E+00  0.000000000000E+00 -0.266887206779E-14
 -0.783227649404E-15 -0.290596475075E+00  0.503327859331E+00  0.000000000000E+00
  0.266887206779E-14  0.783227649404E-15 -0.290596475075E+00 -0.503327859331E+00
  0.000000000000E+00  0.000000000000E+00  0.000000000000E+00  0.000000000000E+00
  0.000000000000E+00  0.000000000000E+00  0.299045647978E+00  0.000000000000E+00
  0.000000000000E+00 -0.211876283309E+00  0.000000000000E+00  0.000000000000E+00
  0.666133814775E-15  0.000000000000E+00  0.000000000000E+00  0.000000000000E+00
  0.000000000000E+00  0.000000000000E+00  0.000000000000E+00  0.623617670988E+00
  0.000000000000E+00  0.000000000000E+00  0.000000000000E+00  0.000000000000E+00
  0.623617670988E+00  0.000000000000E+00  0.000000000000E+00  0.000000000000E+00
  0.000000000000E+00  0.623617670988E+00  0.000000000000E+00  0.000000000000E+00
  0.000000000000E+00  0.000000000000E+00  0.000000000000E+00  0.388578058619E-15
  0.000000000000E+00  0.000000000000E+00 -0.457966997658E-15  0.000000000000E+00
  0.000000000000E+00 -0.802388408710E+00  0.000000000000E+00  0.000000000000E+00
  0.000000000000E+00  0.000000000000E+00  0.000000000000E+00  0.000000000000E+00
  0.867395534802E+00  0.000000000000E+00  0.000000000000E+00  0.000000000000E+00
  0.000000000000E+00 -0.433697767401E+00  0.000000000000E+00  0.000000000000E+00
  0.000000000000E+00  0.000000000000E+00 -0.433697767401E+00  0.000000000000E+00
  0.000000000000E+00  0.000000000000E+00  0.000000000000E+00  0.000000000000E+00
  0.000000000000E+00  0.000000000000E+00  0.000000000000E+00  0.000000000000E+00
  0.000000000000E+00  0.802388408710E+00  0.000000000000E+00  0.000000000000E+00
  0.000000000000E+00  0.000000000000E+00  0.000000000000E+00  0.000000000000E+00
  0.000000000000E+00  0.000000000000E+00  0.000000000000E+00  0.000000000000E+00
  0.000000000000E+00  0.000000000000E+00  0.751186568268E+00  0.000000000000E+00
  0.000000000000E+00  0.000000000000E+00  0.000000000000E+00 -0.751186568268E+00
  0.384241249929E-14  0.260971799726E-13 -0.899280649946E-14  0.000000000000E+00
  0.469890511537E+00  0.000000000000E+00  0.000000000000E+00 -0.536372410282E+00
  0.000000000000E+00 -0.110519232654E-13  0.000000000000E+00  0.000000000000E+00
 -0.559165402646E+00  0.000000000000E+00 -0.145774858828E+00  0.749605722968E+00
  0.000000000000E+00 -0.428292413381E+00  0.000000000000E+00  0.728874294140E-01
 -0.374802861484E+00 -0.542631019650E+00  0.511572082416E+00  0.000000000000E+00
  0.728874294140E-01 -0.374802861484E+00  0.542631019650E+00  0.511572082416E+00
  0.000000000000E+00  0.000000000000E+00  0.000000000000E+00  0.000000000000E+00
  0.469890511537E+00  0.000000000000E+00  0.000000000000E+00 -0.536372410282E+00
  0.000000000000E+00  0.000000000000E+00  0.000000000000E+00  0.000000000000E+00
  0.000000000000E+00  0.000000000000E+00 -0.559165402646E+00  0.000000000000E+00
  0.000000000000E+00  0.824860247681E+00  0.000000000000E+00  0.000000000000E+00
  0.126244730978E+00 -0.649177598912E+00 -0.115004248116E+00 -0.542631019650E+00
  0.000000000000E+00 -0.126244730978E+00  0.649177598912E+00 -0.115004248116E+00
  0.542631019650E+00  0.000000000000E+00  0.257111132987E+00  0.179086066337E+01
  0.731283750588E+00  0.000000000000E+00  0.726556401848E-14  0.000000000000E+00
  0.000000000000E+00  0.108663078535E-13  0.000000000000E+00 -0.800683697696E+00
  0.000000000000E+00  0.000000000000E+00  0.268595909403E-13  0.000000000000E+00
 -0.545299532896E+00 -0.518078155812E+00  0.000000000000E+00  0.875889209790E+00
  0.000000000000E+00 -0.545299532896E+00 -0.518078155812E+00 -0.758542306578E+00
 -0.437944604895E+00  0.000000000000E+00 -0.545299532896E+00 -0.518078155812E+00
  0.758542306578E+00 -0.437944604895E+00  0.000000000000E+00 -0.341133371551E-14
 -0.248343012821E-13 -0.294209101526E-14  0.000000000000E+00  0.140086573999E+01
  0.000000000000E+00  0.000000000000E+00 -0.171590793689E+00  0.000000000000E+00
  0.862851456951E-14  0.000000000000E+00  0.000000000000E+00  0.139225925773E+01
  0.000000000000E+00  0.112020204365E+01  0.308430529800E+00  0.000000000000E+00
 -0.122454656784E+01  0.000000000000E+00 -0.560101021826E+00 -0.154215264900E+00
 -0.364612750647E+00 -0.593018758635E+00  0.000000000000E+00 -0.560101021826E+00
 -0.154215264900E+00  0.364612750647E+00 -0.593018758635E+00  0.000000000000E+00
  0.000000000000E+00  0.000000000000E+00  0.000000000000E+00  0.140086573999E+01
  0.000000000000E+00  0.000000000000E+00 -0.171590793689E+00  0.000000000000E+00
  0.000000000000E+00  0.000000000000E+00  0.000000000000E+00  0.000000000000E+00
  0.000000000000E+00  0.139225925773E+01  0.000000000000E+00  0.000000000000E+00
 -0.382509488899E+00  0.000000000000E+00  0.000000000000E+00 -0.970123427174E+00
 -0.267108674110E+00 -0.101403729811E+01 -0.364612750647E+00  0.000000000000E+00
  0.970123427174E+00  0.267108674110E+00 -0.101403729811E+01  0.364612750647E+00
  0.000000000000E+00
 $END
 $KINETIC
  0.109360655375E+02 -0.217018801130E+00  0.376576635540E+00 -0.357742131166E-01
  0.151675664482E+00  0.125473299103E+00  0.000000000000E+00  0.000000000000E+00
  0.000000000000E+00  0.131178119115E+01  0.000000000000E+00  0.000000000000E+00
  0.000000000000E+00 -0.185037170771E-16  0.131178119115E+01  0.000000000000E+00
  0.000000000000E+00  0.000000000000E+00  0.719013845905E-32  0.205432527401E-32
  0.131178119115E+01  0.000000000000E+00  0.000000000000E+00  0.000000000000E+00
 -0.208690150935E+00 -0.231296463464E-17 -0.128395329626E-33  0.241039080877E+00
  0.000000000000E+00  0.000000000000E+00  0.000000000000E+00  0.231296463464E-17
 -0.208690150935E+00 -0.256790659252E-33  0.000000000000E+00  0.241039080877E+00
  0.000000000000E+00  0.000000000000E+00  0.000000000000E+00 -0.128395329626E-33
 -0.256790659252E-33 -0.208690150935E+00  0.770371977755E-33  0.256790659252E-33
  0.241039080877E+00  0.000000000000E+00  0.000000000000E+00  0.000000000000E+00
  0.000000000000E+00  0.000000000000E+00  0.000000000000E+00  0.000000000000E+00
  0.000000000000E+00  0.000000000000E+00  0.175000000000E+01  0.889548937466E-33
  0.000000000000E+00  0.333580851550E-33  0.000000000000E+00  0.000000000000E+00
  0.000000000000E+00  0.000000000000E+00  0.000000000000E+00  0.000000000000E+00
  0.400297021860E-32  0.175000000000E+01  0.889548937466E-33  0.889548937466E-33
  0.222387234366E-33  0.000000000000E+00  0.000000000000E+00  0.000000000000E+00
  0.000000000000E+00  0.000000000000E+00  0.000000000000E+00 -0.266864681240E-32
 -0.277555756156E-16  0.175000000000E+01  0.000000000000E+00  0.000000000000E+00
  0.000000000000E+00  0.000000000000E+00  0.000000000000E+00  0.000000000000E+00
  0.000000000000E+00  0.000000000000E+00  0.000000000000E+00  0.000000000000E+00
 -0.231111593326E-32 -0.770371977755E-32  0.175000000000E+01 -0.148139656786E-48
 -0.148139656786E-48 -0.617248569941E-49  0.000000000000E+00  0.000000000000E+00
  0.000000000000E+00  0.000000000000E+00  0.000000000000E+00  0.000000000000E+00
 -0.395039084762E-48  0.924446373306E-32  0.308148791102E-32  0.000000000000E+00
  0.175000000000E+01  0.236318820847E-01  0.746621056962E-01  0.625932194764E-01
  0.902056207508E-16 -0.242078917106E+00  0.641857263251E-17 -0.624500451352E-16
  0.159547289248E+00 -0.423029760956E-17 -0.214852489654E+00  0.158972129189E-31
 -0.197338810308E-16 -0.372135428214E+00 -0.276425886168E-15  0.969225931578E+00
 -0.212666934688E-01  0.103380525092E+00  0.921795995181E-01  0.416333634234E-16
 -0.117013211367E+00  0.310253286449E-17 -0.555111512313E-16  0.141595445024E+00
 -0.375431557271E-17 -0.288753446618E-01  0.667704667594E-33 -0.265215738108E-17
 -0.500135640403E-01 -0.420648087646E-16  0.201141594920E+00  0.182924430000E+00
  0.277555756156E-16  0.624500451352E-16  0.121430643318E-16 -0.102315735456E+00
 -0.204697370165E-15  0.169481835106E-31  0.676696264605E-01  0.312250225676E-16
  0.308148791102E-32 -0.148318857196E-15 -0.113150964063E-16 -0.480356426232E-31
 -0.551349457737E-15  0.426753180468E+00  0.000000000000E+00  0.000000000000E+00
  0.200000000000E+01 -0.754808516080E-01 -0.161134481216E+00 -0.371838568936E-01
 -0.208166817117E-15  0.470300737865E+00 -0.151825713223E-16  0.312250225676E-16
 -0.236212861463E-01  0.242052203579E-17  0.365276667321E+00 -0.215389820035E-31
  0.448652140141E-16  0.632677746620E+00  0.612944356285E-15  0.000000000000E+00
  0.000000000000E+00 -0.308148791102E-32  0.200000000000E+01  0.200132805533E-17
  0.427238102207E-17  0.985906947542E-18  0.712594079423E-32 -0.151825713223E-16
 -0.102315735456E+00  0.173333694995E-32  0.242052203579E-17  0.676696264605E-01
 -0.292834065843E-16 -0.168259235059E-15  0.426753180468E+00 -0.280901552102E-16
 -0.280207915302E-31  0.000000000000E+00  0.000000000000E+00  0.616297582204E-32
  0.000000000000E+00  0.200000000000E+01  0.236318820847E-01  0.746621056962E-01
  0.625932194764E-01  0.209646491935E+00  0.121039458553E+00 -0.641857263251E-17
 -0.138172005594E+00 -0.797736446241E-01  0.423029760956E-17 -0.214852489654E+00
 -0.170900422879E-16 -0.986694051540E-17  0.186067714107E+00  0.322278734482E+00
 -0.203437452042E-01 -0.123363291936E-02  0.126991833320E-01  0.219956307456E-01
 -0.777600710963E-18  0.969225931578E+00 -0.212666934688E-01  0.103380525092E+00
  0.921795995181E-01  0.101336413622E+00  0.585066056835E-01 -0.310253286449E-17
 -0.122625252451E+00 -0.707977225118E-01  0.375431557271E-17 -0.288753446618E-01
 -0.229683566685E-17 -0.132607869054E-17  0.250067820202E-01  0.433130169927E-01
 -0.123363291936E-02  0.249745721709E-01 -0.863784418083E-02 -0.149611849891E-01
  0.528915411380E-18  0.201141594920E+00  0.182924430000E+00  0.653683349918E-01
  0.139546554159E+00  0.322021646806E-01  0.327146619535E+00  0.247950206261E+00
 -0.131484924598E-16 -0.798557994601E-03 -0.395301247261E-01  0.209623357341E-17
 -0.316338873310E+00 -0.308201364090E-16 -0.243267880083E-16  0.891679527754E-01
  0.581196605082E+00 -0.126991833320E-01  0.863784418083E-02  0.733189192368E-02
  0.222291254978E-01 -0.392927668024E-18  0.000000000000E+00  0.000000000000E+00
  0.200000000000E+01  0.377404258040E-01  0.805672406082E-01  0.185919284468E-01
  0.247950206261E+00  0.408383828742E-01 -0.759128566113E-17 -0.395301247261E-01
  0.448468983088E-01  0.121026101789E-17 -0.182638333661E+00 -0.243267880083E-16
 -0.272998119882E-17  0.478234322006E+00  0.891679527754E-01 -0.219956307456E-01
  0.149611849891E-01  0.222291254978E-01  0.329998751037E-01 -0.680570684717E-18
  0.000000000000E+00  0.000000000000E+00  0.111022302463E-15  0.200000000000E+01
 -0.200132805533E-17 -0.427238102207E-17 -0.985906947542E-18 -0.131484924598E-16
 -0.759128566113E-17 -0.102315735456E+00  0.209623357341E-17  0.121026101789E-17
  0.676696264605E-01  0.292834065843E-16 -0.369579095431E+00 -0.213376590234E+00
 -0.140450776051E-16 -0.243267880083E-16  0.000000000000E+00  0.000000000000E+00
 -0.392927668024E-18 -0.680570684717E-18 -0.550209966631E-02  0.000000000000E+00
  0.000000000000E+00 -0.123259516441E-31  0.000000000000E+00  0.200000000000E+01
  0.236318820847E-01  0.746621056962E-01  0.625932194764E-01 -0.209646491935E+00
  0.121039458553E+00 -0.192592994439E-32  0.138172005594E+00 -0.797736446241E-01
  0.385185988877E-33 -0.214852489654E+00  0.768973620769E-33  0.400297021860E-32
  0.186067714107E+00 -0.322278734482E+00 -0.203437452042E-01 -0.123363291936E-02
 -0.126991833320E-01  0.219956307456E-01  0.000000000000E+00 -0.203437452042E-01
 -0.123363291936E-02 -0.253983666639E-01  0.993180004128E-17  0.155520142193E-17
  0.969225931578E+00 -0.212666934688E-01  0.103380525092E+00  0.921795995181E-01
 -0.101336413622E+00  0.585066056835E-01  0.000000000000E+00  0.122625252451E+00
 -0.707977225118E-01  0.000000000000E+00 -0.288753446618E-01 -0.120058338570E-32
 -0.833952128874E-33  0.250067820202E-01 -0.433130169927E-01 -0.123363291936E-02
  0.249745721709E-01  0.863784418083E-02 -0.149611849891E-01  0.000000000000E+00
 -0.123363291936E-02  0.249745721709E-01  0.172756883617E-01 -0.675550064514E-17
 -0.105783082276E-17  0.201141594920E+00  0.182924430000E+00 -0.653683349918E-01
 -0.139546554159E+00 -0.322021646806E-01  0.327146619535E+00 -0.247950206261E+00
 -0.385185988877E-32 -0.798557994601E-03  0.395301247261E-01  0.365926689434E-32
  0.316338873310E+00  0.400297021860E-32 -0.733877873409E-32 -0.891679527754E-01
  0.581196605082E+00  0.126991833320E-01 -0.863784418083E-02  0.733189192368E-02
 -0.222291254978E-01 -0.392927668024E-18  0.253983666639E-01 -0.172756883617E-01
  0.458338666937E-01 -0.308148791102E-32 -0.157171067210E-17  0.000000000000E+00
  0.000000000000E+00  0.200000000000E+01  0.377404258040E-01  0.805672406082E-01
  0.185919284468E-01 -0.247950206261E+00  0.408383828742E-01 -0.192592994439E-32
  0.395301247261E-01  0.448468983088E-01  0.385185988877E-32 -0.182638333661E+00
 -0.160118808744E-31 -0.266864681240E-32  0.478234322006E+00 -0.891679527754E-01
 -0.219956307456E-01  0.149611849891E-01 -0.222291254978E-01  0.329998751037E-01
  0.680570684717E-18  0.993180004128E-17 -0.675550064514E-17  0.308148791102E-32
 -0.550209966631E-02  0.614603148485E-33  0.000000000000E+00  0.000000000000E+00
 -0.111022302463E-15  0.200000000000E+01 -0.385185988877E-33 -0.192592994439E-32
  0.770371977755E-33  0.539260384428E-32 -0.693334779979E-32 -0.102315735456E+00
  0.481482486097E-32  0.308148791102E-32  0.676696264605E-01  0.548890034150E-32
  0.369579095431E+00 -0.213376590234E+00 -0.200148510930E-32  0.667161703099E-32
 -0.777600710963E-18  0.528915411380E-18 -0.392927668024E-18  0.680570684717E-18
 -0.550209966631E-02  0.000000000000E+00  0.000000000000E+00 -0.157171067210E-17
  0.614603148485E-33 -0.550209966631E-02  0.000000000000E+00  0.000000000000E+00
  0.000000000000E+00  0.123259516441E-31  0.200000000000E+01
 $END
 $NUCLEAR
 -0.246821556341E+02  0.429087676749E+01 -0.527700929379E+01  0.196445672140E+01
 -0.361988833634E+01 -0.337391035032E+01  0.128395329626E-33 -0.564939450354E-32
 -0.821730109605E-32 -0.537824241997E+01  0.641976648129E-34  0.924446373306E-32
  0.159210208736E-31 -0.740148683083E-16 -0.537824241997E+01 -0.178184314006E-49
 -0.570189804820E-49  0.000000000000E+00 -0.821730109605E-32 -0.950125439231E-32
 -0.520849933367E+01  0.176543578235E-33  0.564939450354E-32  0.616297582204E-32
  0.216534758487E+01 -0.370074341542E-16  0.410865054803E-32 -0.262792726103E+01
 -0.208642410642E-33 -0.667655714054E-32 -0.873088241456E-32  0.370074341542E-16
  0.216534758487E+01  0.231111593326E-32 -0.370074341542E-16 -0.262792726103E+01
  0.000000000000E+00  0.000000000000E+00 -0.228075921928E-48  0.410865054803E-32
 -0.179753461476E-32  0.204716398521E+01 -0.616297582204E-32 -0.436544120728E-32
 -0.247811886715E+01 -0.393853321353E-02  0.146470042753E+00  0.131036090259E+00
  0.289120579329E-18  0.693889390391E-17  0.641976648129E-34  0.154074395551E-32
 -0.346944695195E-17 -0.320988324065E-34 -0.424155737282E+01  0.444774468733E-32
  0.142327829995E-31  0.711639149973E-32 -0.222387234366E-33  0.222387234366E-33
 -0.266864681240E-32 -0.778355320283E-33  0.000000000000E+00  0.266864681240E-32
 -0.160118808744E-31 -0.420382704221E+01  0.182079548138E-32 -0.137880085307E-31
 -0.182357532181E-31  0.100074255465E-32 -0.155671064057E-32  0.378058298423E-32
 -0.611564894508E-33  0.189029149211E-32 -0.378058298423E-32  0.144551702338E-32
  0.000000000000E+00 -0.420382704221E+01  0.000000000000E+00  0.000000000000E+00
  0.000000000000E+00  0.505779248242E-16 -0.121245654652E+00  0.144551702338E-32
 -0.380586365013E-16  0.924092819376E-01 -0.194588830071E-32  0.000000000000E+00
 -0.308148791102E-32  0.171407765050E-31 -0.441120314688E+01  0.000000000000E+00
 -0.640987562128E-16 -0.249073702490E-31 -0.121245654652E+00 -0.510786963571E-16
  0.778355320283E-33  0.924092819376E-01  0.360555503697E-16 -0.555968085916E-33
 -0.320493781064E-16 -0.654816181092E-32  0.184889274661E-31  0.000000000000E+00
 -0.441120314688E+01  0.584763931086E+00 -0.167261900721E+01 -0.151417317962E+01
 -0.777156117238E-15  0.199527110705E+01 -0.529033782670E-16  0.610622663544E-15
 -0.166460895263E+01  0.441360759329E-16  0.885932031568E+00 -0.201676573232E-18
  0.810222229326E-16  0.152130477717E+01  0.115377761183E-14 -0.405645761412E+01
  0.137627236117E+01 -0.263259511190E+01 -0.251211432998E+01 -0.499600361081E-15
  0.126551485182E+01 -0.335543429020E-16  0.610622663544E-15 -0.157186709285E+01
  0.416770829310E-16  0.271126081860E+00 -0.155875838077E-17  0.222026779114E-16
  0.367778324198E+00  0.300462919747E-15 -0.246689319481E+01 -0.299900185241E+01
  0.305311331772E-15 -0.610622663544E-15 -0.277555756156E-15  0.810622141902E+00
  0.915933995316E-15  0.720441436944E-19 -0.644131967928E+00 -0.333066907388E-15
 -0.515098077146E-19  0.263677968348E-15  0.382757868343E-16 -0.962433744869E-19
  0.141818498121E-14 -0.144358591213E+01 -0.249800180541E-15 -0.222044604925E-15
 -0.350172293900E+01 -0.796115415610E+00  0.156134693414E+01  0.792666795115E+00
  0.999200722163E-15 -0.193850354730E+01  0.727665817355E-16 -0.340005801291E-15
  0.269036667555E+00 -0.241228834853E-16 -0.686863307042E+00  0.137821743623E-18
 -0.100957745439E-15 -0.118067894612E+01 -0.149029608195E-14  0.649067266965E+00
  0.562161593947E+00  0.333066907388E-15 -0.390265433838E+01  0.211085074241E-16
 -0.413981474352E-16 -0.210170693865E-16  0.720441436944E-19  0.727665817355E-16
  0.805915861283E+00 -0.515098077146E-19 -0.241228834853E-16 -0.640767091933E+00
  0.842186327692E-16  0.480740671596E-15 -0.143729881779E+01  0.694140597983E-16
 -0.962433744870E-19 -0.172096167903E-16 -0.149053666676E-16 -0.114265173779E-18
  0.108283609520E-16 -0.349425857139E+01  0.584763931086E+00 -0.167261900721E+01
 -0.151417317962E+01 -0.172795546614E+01 -0.997635553525E+00  0.529033782670E-16
  0.144159364034E+01  0.832304476313E+00 -0.441360759329E-16  0.885932031568E+00
  0.702681416173E-16  0.403364544305E-16 -0.760652388586E+00 -0.131748858393E+01
 -0.104873987274E+00 -0.616415825286E+00  0.456968289922E-01  0.104696743225E+00
 -0.415287678808E-17 -0.405645761412E+01  0.137627236117E+01 -0.263259511190E+01
 -0.251211432998E+01 -0.109596801054E+01 -0.632757425911E+00  0.335543429020E-16
  0.136127683378E+01  0.785933546423E+00 -0.416770829310E-16  0.271126081860E+00
  0.200074622937E-16  0.975141459961E-17 -0.183889162099E+00 -0.318505371717E+00
 -0.616415825286E+00 -0.138934212957E+01  0.173462542968E+00  0.478362824842E+00
 -0.200562296572E-16 -0.246689319481E+01 -0.299900185241E+01  0.689456174263E+00
 -0.135216610909E+01 -0.686469581306E+00 -0.125122212500E+01 -0.119040634252E+01
  0.629816862576E-16  0.407445086842E-01  0.395413618134E+00 -0.208652750069E-16
  0.594841072826E+00  0.661673663327E-16  0.601624608524E-16  0.113842055697E+00
 -0.124640568762E+01 -0.678216248305E-01 -0.327543087055E+00  0.207309997424E-01
  0.656349269716E-01 -0.129596852574E-17 -0.562108741957E+00 -0.486846221390E+00
 -0.380242148854E+01  0.398057707805E+00 -0.780673467070E+00 -0.396333397558E+00
 -0.119040634252E+01  0.123340719601E+00  0.364456829264E-16  0.395413618134E+00
 -0.415839809057E+00 -0.121060505447E-16  0.343431653521E+00  0.603965259705E-16
 -0.348540772794E-17 -0.137785917062E+01  0.113842055697E+00 -0.919229863923E-01
 -0.389404381236E+00  0.443564807381E-01  0.842345685921E-01 -0.177429682981E-17
 -0.324533633483E+00 -0.281080796974E+00 -0.173608388523E+00 -0.360195578884E+01
 -0.211085074241E-16  0.413981474352E-16  0.210170693865E-16  0.629816862576E-16
  0.364456829264E-16  0.805915861283E+00 -0.208652750069E-16 -0.121060505447E-16
 -0.640767091933E+00 -0.842186327692E-16  0.124473728903E+01  0.718649408893E+00
  0.346236806919E-16  0.601624608524E-16  0.000000000000E+00  0.000000000000E+00
 -0.731783695897E-18 -0.144856456642E-17 -0.829293977109E-02  0.172096167903E-16
  0.149053666676E-16  0.943476825266E-17  0.531522393273E-17 -0.349425857139E+01
  0.584763931086E+00 -0.167261900721E+01 -0.151417317962E+01  0.172795546614E+01
 -0.997635553525E+00  0.308148791102E-32 -0.144159364034E+01  0.832304476313E+00
  0.000000000000E+00  0.885932031568E+00 -0.201676573232E-18 -0.349314071534E-18
 -0.760652388586E+00  0.131748858393E+01 -0.104873987274E+00 -0.616415825286E+00
 -0.456968289922E-01  0.104696743225E+00  0.000000000000E+00 -0.104873987274E+00
 -0.616415825286E+00 -0.113518453823E+00 -0.127737568331E-01  0.695100055591E-17
 -0.405645761412E+01  0.137627236117E+01 -0.263259511190E+01 -0.251211432998E+01
  0.109596801054E+01 -0.632757425911E+00  0.308148791102E-32 -0.136127683378E+01
  0.785933546423E+00 -0.308148791102E-32  0.271126081860E+00 -0.155875838077E-17
 -0.269984871222E-17 -0.183889162099E+00  0.318505371717E+00 -0.616415825286E+00
 -0.138934212957E+01 -0.173462542968E+00  0.478362824842E+00  0.000000000000E+00
 -0.616415825286E+00 -0.138934212957E+01 -0.501005630023E+00 -0.889584436057E-01
  0.306777470581E-16 -0.246689319481E+01 -0.299900185241E+01 -0.689456174263E+00
  0.135216610909E+01  0.686469581306E+00 -0.125122212500E+01  0.119040634252E+01
  0.720441436944E-19  0.407445086842E-01 -0.395413618134E+00 -0.515098077146E-19
 -0.594841072826E+00  0.360079239194E-19  0.254854302677E-18 -0.113842055697E+00
 -0.124640568762E+01  0.678216248305E-01  0.327543087055E+00  0.207309997424E-01
 -0.656349269716E-01 -0.129596852574E-17  0.113518453823E+00  0.501005630023E+00
  0.115986353017E+00  0.106392231168E-01 -0.380495595283E-17  0.562108741957E+00
  0.486846221390E+00 -0.380242148854E+01  0.398057707805E+00 -0.780673467070E+00
 -0.396333397558E+00  0.119040634252E+01  0.123340719601E+00  0.124784117267E-18
 -0.395413618134E+00 -0.415839809057E+00 -0.892176040499E-19  0.343431653521E+00
 -0.213275933542E-18 -0.360079239194E-19 -0.137785917062E+01 -0.113842055697E+00
 -0.919229863923E-01 -0.389404381236E+00 -0.443564807381E-01  0.842345685921E-01
  0.177429682981E-17 -0.127737568331E-01 -0.889584436057E-01 -0.106392231168E-01
 -0.110207846825E-01  0.325732263385E-18 -0.324533633483E+00 -0.281080796974E+00
  0.173608388523E+00 -0.360195578884E+01 -0.154074395551E-32  0.616297582204E-32
  0.000000000000E+00  0.720441436944E-19  0.124784117267E-18  0.805915861283E+00
 -0.515098077146E-19 -0.892176040499E-19 -0.640767091933E+00 -0.138666955996E-31
 -0.124473728903E+01  0.718649408893E+00 -0.166698414503E-18 -0.962433744870E-19
 -0.279812376782E-17 -0.106215174009E-16 -0.731783695897E-18  0.144856456642E-17
 -0.829293977109E-02  0.000000000000E+00  0.000000000000E+00 -0.380495595283E-17
 -0.325732263385E-18 -0.829293977109E-02  0.154074395551E-32  0.154074395551E-32
 -0.114265173779E-18 -0.197913086520E-18 -0.349425857139E+01
 $END
 $DIPOLE
  0.000000000000E+00  0.000000000000E+00  0.000000000000E+00  0.000000000000E+00
  0.000000000000E+00  0.000000000000E+00  0.553723807341E-01 -0.475777260946E+00
 -0.446943293619E+00  0.000000000000E+00  0.000000000000E+00  0.000000000000E+00
  0.000000000000E+00  0.000000000000E+00  0.000000000000E+00  0.000000000000E+00
  0.000000000000E+00  0.000000000000E+00  0.000000000000E+00  0.000000000000E+00
  0.000000000000E+00 -0.798630308379E-02  0.400745831919E+00  0.909086649100E+00
  0.000000000000E+00  0.000000000000E+00  0.000000000000E+00  0.000000000000E+00
  0.000000000000E+00  0.000000000000E+00  0.000000000000E+00  0.000000000000E+00
  0.000000000000E+00  0.000000000000E+00  0.000000000000E+00  0.000000000000E+00
  0.000000000000E+00  0.000000000000E+00  0.000000000000E+00  0.000000000000E+00
  0.000000000000E+00  0.000000000000E+00  0.000000000000E+00  0.000000000000E+00
  0.000000000000E+00  0.000000000000E+00  0.000000000000E+00  0.000000000000E+00
  0.218923934680E+00  0.000000000000E+00  0.000000000000E+00 -0.168490643149E+00
  0.000000000000E+00  0.000000000000E+00  0.000000000000E+00  0.000000000000E+00
  0.000000000000E+00  0.000000000000E+00  0.000000000000E+00  0.000000000000E+00
 -0.379187377859E+00  0.000000000000E+00  0.000000000000E+00  0.291834354533E+00
  0.000000000000E+00  0.000000000000E+00  0.000000000000E+00  0.000000000000E+00
  0.000000000000E+00  0.000000000000E+00  0.000000000000E+00  0.000000000000E+00
  0.000000000000E+00  0.000000000000E+00  0.000000000000E+00  0.000000000000E+00
  0.000000000000E+00  0.000000000000E+00  0.000000000000E+00  0.000000000000E+00
  0.000000000000E+00 -0.379187377859E+00  0.000000000000E+00  0.000000000000E+00
  0.291834354533E+00  0.000000000000E+00  0.000000000000E+00  0.000000000000E+00
  0.000000000000E+00  0.000000000000E+00  0.000000000000E+00  0.000000000000E+00
  0.000000000000E+00  0.000000000000E+00  0.000000000000E+00 -0.379187377859E+00
  0.000000000000E+00  0.000000000000E+00  0.291834354533E+00  0.000000000000E+00
  0.000000000000E+00  0.000000000000E+00  0.000000000000E+00  0.000000000000E+00
  0.000000000000E+00 -0.631184806358E-25  0.271178731981E-23  0.369970971141E-23
 -0.104842102546E+00 -0.285172860697E-23  0.000000000000E+00  0.112245735078E+00
  0.443173449316E-23  0.000000000000E+00 -0.199567815294E-23  0.000000000000E+00
  0.000000000000E+00 -0.704489996885E-24  0.150448330521E+00  0.111072759598E-22
 -0.415222844622E-25  0.214184569242E-23  0.494065492961E-23 -0.298715843808E+00
 -0.862106500300E-24  0.000000000000E+00  0.560861350025E+00  0.367980442107E-23
  0.000000000000E+00 -0.961111230833E-24  0.000000000000E+00  0.000000000000E+00
  0.129232672255E-23  0.161649125025E+00  0.760626063066E-23  0.111072759598E-22
 -0.248750733396E-02  0.129636807831E+00  0.161045031048E+00 -0.220529290531E-23
 -0.160655630457E+00  0.000000000000E+00  0.357910974162E-23  0.208202654196E+00
  0.000000000000E+00 -0.110294008843E+00  0.000000000000E+00  0.000000000000E+00
 -0.846878859942E-01  0.346757752749E-23  0.325467544386E+00  0.286336034364E+00
  0.111072759598E-22  0.147045335609E-24 -0.238642864442E-23 -0.117492326376E-23
  0.802011948866E-01  0.246442684230E-23  0.000000000000E+00 -0.250924882019E-01
  0.178445767110E-24  0.000000000000E+00  0.181333749630E-23  0.000000000000E+00
  0.000000000000E+00 -0.115505319548E-25 -0.119153225129E+00  0.000000000000E+00
  0.000000000000E+00  0.000000000000E+00  0.111072759598E-22  0.000000000000E+00
  0.000000000000E+00  0.000000000000E+00  0.000000000000E+00  0.000000000000E+00
 -0.146942318868E-23  0.000000000000E+00  0.000000000000E+00  0.190430803545E-23
  0.000000000000E+00  0.531734705463E-01  0.252187456545E-23  0.000000000000E+00
  0.000000000000E+00  0.000000000000E+00  0.000000000000E+00  0.000000000000E+00
  0.000000000000E+00  0.111072759598E-22  0.597635283321E-02 -0.256764701377E+00
 -0.350305812071E+00 -0.338681949080E+00 -0.135007498344E+00  0.000000000000E+00
  0.475645012004E+00  0.209808670356E+00  0.000000000000E+00  0.188960137560E+00
  0.000000000000E+00  0.000000000000E+00 -0.228790317523E+00 -0.245828123709E+00
 -0.108483500695E-01 -0.122978928150E+00  0.721853864580E-02  0.698973866209E-02
  0.000000000000E+00 -0.105168881575E+01  0.393152401464E-02 -0.202799963548E+00
 -0.467804306901E+00 -0.369408002674E+00 -0.408141369508E-01  0.000000000000E+00
  0.862602861821E+00  0.174210543061E+00  0.000000000000E+00  0.910025046477E-01
  0.000000000000E+00  0.000000000000E+00 -0.148806605218E+00 -0.960914757154E-01
 -0.310362559808E-01 -0.200669370806E+00  0.606585093065E-01  0.118746399355E-01
  0.000000000000E+00 -0.720196316709E+00 -0.105168881575E+01  0.957011225453E-02
 -0.660487516617E-01  0.647021059125E-01 -0.705490418338E-01 -0.809587260792E-01
  0.000000000000E+00 -0.216327311974E+00 -0.333415488040E-01  0.000000000000E+00
  0.383984581794E-01  0.000000000000E+00  0.000000000000E+00  0.321062015507E-01
 -0.126033158000E+00 -0.401184676084E-02  0.882787059858E-02  0.204498856968E-02
  0.354202410358E-02  0.000000000000E+00  0.325467544386E+00  0.286336034364E+00
 -0.105168881575E+01  0.696146991520E-02 -0.112979110449E+00 -0.556236137613E-01
 -0.201387138751E+00  0.460130291963E-01  0.000000000000E+00  0.833060223951E-01
 -0.139455610623E+00  0.000000000000E+00  0.858476358619E-01  0.000000000000E+00
  0.000000000000E+00 -0.290743213009E+00  0.493388711182E-01 -0.124618594508E-01
 -0.778986596955E-01  0.682195130387E-02  0.802863256105E-02  0.000000000000E+00
  0.000000000000E+00  0.000000000000E+00  0.000000000000E+00 -0.105168881575E+01
  0.000000000000E+00  0.000000000000E+00  0.000000000000E+00  0.000000000000E+00
  0.000000000000E+00  0.139131857237E+00  0.000000000000E+00  0.000000000000E+00
 -0.180308787669E+00  0.000000000000E+00  0.259965505357E+00  0.119391436964E+00
  0.000000000000E+00  0.000000000000E+00  0.000000000000E+00  0.000000000000E+00
  0.000000000000E+00  0.000000000000E+00 -0.946833426005E-03  0.000000000000E+00
  0.000000000000E+00  0.000000000000E+00  0.000000000000E+00 -0.105168881575E+01
 -0.597635283321E-02  0.256764701377E+00  0.350305812071E+00 -0.338681949080E+00
  0.135007498344E+00  0.000000000000E+00  0.475645012004E+00 -0.209808670356E+00
  0.000000000000E+00 -0.188960137560E+00  0.000000000000E+00  0.000000000000E+00
  0.228790317523E+00 -0.245828123709E+00  0.108483500695E-01  0.122978928150E+00
  0.721853864580E-02 -0.698973866209E-02  0.000000000000E+00  0.367190478717E-17
  0.919426721696E-01 -0.313564967312E-02 -0.247085478493E-17  0.000000000000E+00
  0.105168881575E+01 -0.393152401464E-02  0.202799963548E+00  0.467804306901E+00
 -0.369408002674E+00  0.408141369508E-01  0.000000000000E+00  0.862602861821E+00
 -0.174210543061E+00  0.000000000000E+00 -0.910025046477E-01  0.000000000000E+00
  0.000000000000E+00  0.148806605218E+00 -0.960914757154E-01  0.310362559808E-01
  0.200669370806E+00  0.606585093065E-01 -0.118746399355E-01  0.000000000000E+00
 -0.919426721696E-01  0.117500953190E-15 -0.224352884196E-01 -0.298121645050E-16
  0.000000000000E+00  0.720196316709E+00  0.105168881575E+01  0.957011225453E-02
 -0.660487516617E-01  0.647021059125E-01  0.705490418338E-01 -0.809587260792E-01
  0.000000000000E+00  0.216327311974E+00 -0.333415488040E-01  0.000000000000E+00
  0.383984581794E-01  0.000000000000E+00  0.000000000000E+00  0.321062015507E-01
  0.126033158000E+00 -0.401184676084E-02  0.882787059858E-02 -0.204498856968E-02
  0.354202410358E-02  0.000000000000E+00 -0.313564967312E-02 -0.224352884196E-01
 -0.734380957434E-17  0.740501181349E-18  0.000000000000E+00  0.325467544386E+00
  0.286336034364E+00  0.105168881575E+01 -0.696146991520E-02  0.112979110449E+00
  0.556236137613E-01 -0.201387138751E+00 -0.460130291963E-01  0.000000000000E+00
  0.833060223951E-01  0.139455610623E+00  0.000000000000E+00 -0.858476358619E-01
  0.000000000000E+00  0.000000000000E+00  0.290743213009E+00  0.493388711182E-01
  0.124618594508E-01  0.778986596955E-01  0.682195130387E-02 -0.802863256105E-02
  0.000000000000E+00 -0.247085478493E-17 -0.298121645050E-16 -0.740501181349E-18
  0.688482147595E-18  0.000000000000E+00  0.000000000000E+00  0.000000000000E+00
  0.000000000000E+00  0.105168881575E+01  0.000000000000E+00  0.000000000000E+00
  0.000000000000E+00  0.000000000000E+00  0.000000000000E+00 -0.139131857237E+00
  0.000000000000E+00  0.000000000000E+00  0.180308787669E+00  0.000000000000E+00
  0.259965505357E+00 -0.119391436964E+00  0.000000000000E+00  0.000000000000E+00
  0.000000000000E+00  0.000000000000E+00  0.000000000000E+00  0.000000000000E+00
  0.946833426005E-03  0.000000000000E+00  0.000000000000E+00  0.000000000000E+00
  0.000000000000E+00  0.688482147595E-18  0.000000000000E+00  0.000000000000E+00
  0.000000000000E+00  0.000000000000E+00  0.105168881575E+01
  0.000000000000E+00  0.000000000000E+00  0.000000000000E+00  0.000000000000E+00
  0.000000000000E+00  0.000000000000E+00  0.000000000000E+00  0.000000000000E+00
  0.000000000000E+00  0.000000000000E+00  0.553723807341E-01 -0.475777260946E+00
 -0.446943293619E+00  0.000000000000E+00  0.000000000000E+00  0.000000000000E+00
  0.000000000000E+00  0.000000000000E+00  0.000000000000E+00  0.000000000000E+00
  0.000000000000E+00  0.000000000000E+00  0.000000000000E+00  0.000000000000E+00
  0.000000000000E+00  0.000000000000E+00  0.000000000000E+00  0.000000000000E+00
 -0.798630308379E-02  0.400745831919E+00  0.909086649100E+00  0.000000000000E+00
  0.000000000000E+00  0.000000000000E+00  0.000000000000E+00  0.000000000000E+00
  0.000000000000E+00  0.000000000000E+00  0.000000000000E+00  0.000000000000E+00
  0.000000000000E+00  0.000000000000E+00  0.000000000000E+00  0.000000000000E+00
  0.000000000000E+00  0.000000000000E+00  0.000000000000E+00  0.000000000000E+00
  0.000000000000E+00  0.218923934680E+00  0.000000000000E+00  0.000000000000E+00
 -0.168490643149E+00  0.000000000000E+00  0.000000000000E+00  0.000000000000E+00
  0.000000000000E+00  0.000000000000E+00  0.000000000000E+00  0.000000000000E+00
  0.000000000000E+00  0.000000000000E+00  0.000000000000E+00  0.000000000000E+00
  0.000000000000E+00  0.000000000000E+00  0.000000000000E+00  0.000000000000E+00
  0.000000000000E+00  0.000000000000E+00  0.000000000000E+00 -0.379187377859E+00
  0.000000000000E+00  0.000000000000E+00  0.291834354533E+00  0.000000000000E+00
  0.000000000000E+00  0.000000000000E+00  0.000000000000E+00  0.000000000000E+00
  0.000000000000E+00  0.000000000000E+00  0.379187377859E+00  0.000000000000E+00
  0.000000000000E+00 -0.291834354533E+00  0.000000000000E+00  0.000000000000E+00
  0.000000000000E+00  0.000000000000E+00  0.000000000000E+00  0.000000000000E+00
  0.000000000000E+00  0.000000000000E+00 -0.379187377859E+00  0.000000000000E+00
  0.000000000000E+00  0.291834354533E+00  0.000000000000E+00  0.000000000000E+00
  0.000000000000E+00  0.000000000000E+00  0.000000000000E+00  0.000000000000E+00
  0.000000000000E+00 -0.690089783405E-02  0.296486338917E+00  0.404498309796E+00
 -0.285172860697E-23 -0.416628564592E+00  0.000000000000E+00  0.443173449316E-23
  0.596778104312E+00  0.000000000000E+00 -0.218192372572E+00  0.000000000000E+00
  0.000000000000E+00 -0.377920275119E+00  0.553716893312E-23  0.121438564175E+01
 -0.453973289635E-02  0.234173227093E+00  0.540173885035E+00 -0.862106500300E-24
 -0.392972055630E+00  0.000000000000E+00  0.367980442107E-23  0.963183365753E+00
  0.000000000000E+00 -0.105080641111E+00  0.000000000000E+00  0.000000000000E+00
 -0.182005009295E+00  0.185087686402E-23  0.831611074643E+00  0.121438564175E+01
  0.147045335609E-24 -0.238642864442E-23 -0.117492326376E-23 -0.160655630457E+00
  0.466740350303E-23  0.000000000000E+00  0.208202654196E+00 -0.195536859763E-23
  0.000000000000E+00  0.181333749630E-23  0.000000000000E+00  0.000000000000E+00
  0.818454180576E-23  0.328896183627E+00  0.000000000000E+00  0.000000000000E+00
  0.121438564175E+01  0.135893187840E-01 -0.131277271493E+00  0.325877975341E-01
  0.246442684230E-23  0.188987377460E+00  0.000000000000E+00  0.178445767110E-24
  0.202620078073E+00  0.000000000000E+00  0.879626138535E-01  0.000000000000E+00
  0.000000000000E+00  0.152355716361E+00 -0.470541374631E-23  0.325467544386E+00
  0.286336034364E+00  0.000000000000E+00  0.121438564175E+01  0.000000000000E+00
  0.000000000000E+00  0.000000000000E+00  0.000000000000E+00  0.000000000000E+00
 -0.160655630457E+00  0.000000000000E+00  0.000000000000E+00  0.208202654196E+00
  0.000000000000E+00  0.252187456545E-23  0.328896183627E+00  0.000000000000E+00
  0.000000000000E+00  0.000000000000E+00  0.000000000000E+00  0.000000000000E+00
  0.000000000000E+00  0.121438564175E+01  0.345044891702E-02 -0.148243169458E+00
 -0.202249154898E+00 -0.135007498344E+00 -0.182788718058E+00  0.000000000000E+00
  0.209808670356E+00  0.233378827387E+00  0.000000000000E+00  0.109096186286E+00
  0.000000000000E+00  0.000000000000E+00  0.183561791111E-01 -0.228790317523E+00
  0.626329783290E-02 -0.351643357820E-01 -0.597799341317E-02 -0.717117717124E-02
  0.000000000000E+00 -0.607192820874E+00  0.226986644818E-02 -0.117086613546E+00
 -0.270086942517E+00 -0.408141369508E-01 -0.322279896764E+00  0.000000000000E+00
  0.174210543061E+00  0.661441853957E+00  0.000000000000E+00  0.525403205553E-01
  0.000000000000E+00  0.000000000000E+00  0.757355914447E-01 -0.148806605218E+00
  0.124085043799E+00  0.115856515253E+00 -0.479742264852E-01 -0.292911149828E-01
  0.000000000000E+00 -0.415805537321E+00 -0.607192820874E+00  0.696146991520E-02
 -0.112979110449E+00 -0.556236137613E-01 -0.809587260792E-01 -0.162575100226E+00
  0.000000000000E+00 -0.333415488040E-01  0.625839092729E-01  0.000000000000E+00
  0.858476358619E-01  0.000000000000E+00  0.000000000000E+00  0.972789571249E-01
 -0.174685833260E+00  0.505872624459E-03 -0.180497932748E-01 -0.118067470119E-02
 -0.204498856968E-02  0.000000000000E+00  0.000000000000E+00  0.000000000000E+00
 -0.607192820874E+00  0.153169919554E-02  0.644082879998E-01  0.128930722669E+00
  0.460130291963E-01  0.667928525781E-01  0.000000000000E+00 -0.139455610623E+00
 -0.172069817331E+00  0.000000000000E+00 -0.607298531690E-01  0.000000000000E+00
  0.000000000000E+00 -0.659401167340E-01  0.674310978838E-01  0.405920823540E-02
  0.225395237251E-01 -0.393865542169E-02 -0.463533317035E-02  0.000000000000E+00
  0.325467544386E+00  0.286336034364E+00  0.000000000000E+00 -0.607192820874E+00
  0.000000000000E+00  0.000000000000E+00  0.000000000000E+00  0.000000000000E+00
  0.000000000000E+00  0.803278152286E-01  0.000000000000E+00  0.000000000000E+00
 -0.104101327098E+00  0.000000000000E+00  0.119391436964E+00  0.122104148817E+00
  0.000000000000E+00  0.000000000000E+00  0.000000000000E+00  0.000000000000E+00
  0.000000000000E+00  0.000000000000E+00  0.546654533382E-03  0.000000000000E+00
  0.000000000000E+00  0.000000000000E+00  0.000000000000E+00 -0.607192820874E+00
  0.345044891702E-02 -0.148243169458E+00 -0.202249154898E+00  0.135007498344E+00
 -0.182788718058E+00  0.000000000000E+00 -0.209808670356E+00  0.233378827387E+00
  0.000000000000E+00  0.109096186286E+00  0.000000000000E+00  0.000000000000E+00
  0.183561791111E-01  0.228790317523E+00  0.626329783290E-02 -0.351643357820E-01
  0.597799341317E-02 -0.717117717124E-02  0.000000000000E+00 -0.125265956658E-01
 -0.889207080175E-01 -0.129677320753E-01  0.318301114768E-02  0.000000000000E+00
 -0.607192820874E+00  0.226986644818E-02 -0.117086613546E+00 -0.270086942517E+00
  0.408141369508E-01 -0.322279896764E+00  0.000000000000E+00 -0.174210543061E+00
  0.661441853957E+00  0.000000000000E+00  0.525403205553E-01  0.000000000000E+00
  0.000000000000E+00  0.757355914447E-01  0.148806605218E+00  0.124085043799E+00
  0.115856515253E+00  0.479742264852E-01 -0.292911149828E-01  0.000000000000E+00
 -0.889207080175E-01 -0.231713030506E+00 -0.598488664206E-01  0.538026827433E-01
  0.000000000000E+00 -0.415805537321E+00 -0.607192820874E+00 -0.696146991520E-02
  0.112979110449E+00  0.556236137613E-01 -0.809587260792E-01  0.162575100226E+00
  0.000000000000E+00 -0.333415488040E-01 -0.625839092729E-01  0.000000000000E+00
 -0.858476358619E-01  0.000000000000E+00  0.000000000000E+00 -0.972789571249E-01
 -0.174685833260E+00 -0.505872624459E-03  0.180497932748E-01 -0.118067470119E-02
  0.204498856968E-02  0.000000000000E+00  0.129677320753E-01  0.598488664206E-01
  0.127253248098E-01 -0.189366685201E-02  0.000000000000E+00  0.000000000000E+00
  0.000000000000E+00 -0.607192820874E+00  0.153169919554E-02  0.644082879998E-01
  0.128930722669E+00 -0.460130291963E-01  0.667928525781E-01  0.000000000000E+00
  0.139455610623E+00 -0.172069817331E+00  0.000000000000E+00 -0.607298531690E-01
  0.000000000000E+00  0.000000000000E+00 -0.659401167340E-01 -0.674310978838E-01
  0.405920823540E-02  0.225395237251E-01  0.393865542169E-02 -0.463533317035E-02
  0.000000000000E+00  0.318301114768E-02  0.538026827433E-01  0.189366685201E-02
 -0.109330906676E-02  0.000000000000E+00  0.325467544386E+00  0.286336034364E+00
  0.000000000000E+00 -0.607192820874E+00  0.000000000000E+00  0.000000000000E+00
  0.000000000000E+00  0.000000000000E+00  0.000000000000E+00  0.803278152286E-01
  0.000000000000E+00  0.000000000000E+00 -0.104101327098E+00  0.000000000000E+00
 -0.119391436964E+00  0.122104148817E+00  0.000000000000E+00  0.000000000000E+00
  0.000000000000E+00  0.000000000000E+00  0.000000000000E+00  0.000000000000E+00
  0.546654533382E-03  0.000000000000E+00  0.000000000000E+00  0.000000000000E+00
  0.000000000000E+00 -0.109330906676E-02  0.000000000000E+00  0.000000000000E+00
  0.000000000000E+00  0.000000000000E+00 -0.607192820874E+00
  0.000000000000E+00  0.000000000000E+00  0.000000000000E+00  0.000000000000E+00
  0.000000000000E+00  0.000000000000E+00  0.000000000000E+00  0.000000000000E+00
  0.000000000000E+00  0.000000000000E+00  0.000000000000E+00  0.000000000000E+00
  0.000000000000E+00  0.000000000000E+00  0.000000000000E+00  0.553723807341E-01
 -0.475777260946E+00 -0.446943293619E+00  0.000000000000E+00  0.000000000000E+00
  0.000000000000E+00  0.000000000000E+00  0.000000000000E+00  0.000000000000E+00
  0.000000000000E+00  0.000000000000E+00  0.000000000000E+00  0.000000000000E+00
  0.000000000000E+00  0.000000000000E+00  0.000000000000E+00  0.000000000000E+00
  0.000000000000E+00  0.000000000000E+00  0.000000000000E+00  0.000000000000E+00
 -0.798630308379E-02  0.400745831919E+00  0.909086649100E+00  0.000000000000E+00
  0.000000000000E+00  0.000000000000E+00  0.000000000000E+00  0.000000000000E+00
  0.000000000000E+00  0.000000000000E+00  0.000000000000E+00  0.000000000000E+00
  0.000000000000E+00  0.000000000000E+00 -0.437847869360E+00  0.000000000000E+00
  0.000000000000E+00  0.336981286297E+00  0.000000000000E+00  0.000000000000E+00
  0.000000000000E+00  0.000000000000E+00 -0.379187377859E+00  0.000000000000E+00
  0.000000000000E+00  0.291834354533E+00  0.000000000000E+00  0.000000000000E+00
  0.000000000000E+00  0.000000000000E+00  0.000000000000E+00  0.000000000000E+00
  0.000000000000E+00  0.000000000000E+00 -0.379187377859E+00  0.000000000000E+00
  0.000000000000E+00  0.291834354533E+00  0.000000000000E+00  0.000000000000E+00
  0.000000000000E+00  0.000000000000E+00  0.000000000000E+00  0.000000000000E+00
  0.000000000000E+00  0.000000000000E+00  0.000000000000E+00  0.000000000000E+00
  0.000000000000E+00  0.000000000000E+00  0.000000000000E+00  0.000000000000E+00
  0.000000000000E+00  0.000000000000E+00  0.000000000000E+00  0.000000000000E+00
  0.000000000000E+00  0.000000000000E+00  0.000000000000E+00  0.000000000000E+00
  0.000000000000E+00  0.000000000000E+00  0.000000000000E+00  0.000000000000E+00
  0.000000000000E+00  0.000000000000E+00  0.000000000000E+00  0.000000000000E+00
  0.000000000000E+00  0.000000000000E+00  0.000000000000E+00  0.000000000000E+00
  0.000000000000E+00  0.000000000000E+00 -0.104842102546E+00  0.000000000000E+00
  0.000000000000E+00  0.112245735078E+00  0.000000000000E+00  0.137606297978E-23
  0.150448330521E+00  0.000000000000E+00  0.000000000000E+00  0.000000000000E+00
  0.000000000000E+00  0.000000000000E+00  0.000000000000E+00  0.000000000000E+00
  0.000000000000E+00 -0.298715843808E+00  0.000000000000E+00  0.000000000000E+00
  0.560861350025E+00  0.000000000000E+00  0.147851010304E-23  0.161649125025E+00
  0.000000000000E+00  0.000000000000E+00  0.000000000000E+00  0.000000000000E+00
  0.000000000000E+00  0.000000000000E+00  0.000000000000E+00  0.000000000000E+00
  0.000000000000E+00  0.733553472048E-24  0.000000000000E+00  0.000000000000E+00
 -0.229506329287E-24  0.000000000000E+00  0.531734705463E-01 -0.157617160341E-23
  0.000000000000E+00  0.000000000000E+00  0.000000000000E+00  0.000000000000E+00
  0.000000000000E+00  0.000000000000E+00  0.000000000000E+00  0.000000000000E+00
  0.000000000000E+00  0.000000000000E+00  0.802011948866E-01  0.000000000000E+00
  0.000000000000E+00 -0.250924882019E-01  0.000000000000E+00 -0.157617160341E-23
 -0.119153225129E+00  0.000000000000E+00  0.000000000000E+00  0.000000000000E+00
  0.000000000000E+00  0.000000000000E+00  0.000000000000E+00 -0.248750733396E-02
  0.129636807831E+00  0.161045031048E+00 -0.146942318868E-23 -0.160655630457E+00
  0.000000000000E+00  0.190430803545E-23  0.208202654196E+00  0.000000000000E+00
 -0.181948562422E-01  0.000000000000E+00  0.000000000000E+00 -0.137861356541E+00
  0.252187456545E-23  0.325467544386E+00  0.286336034364E+00  0.000000000000E+00
  0.000000000000E+00  0.000000000000E+00  0.000000000000E+00  0.000000000000E+00
  0.000000000000E+00  0.000000000000E+00  0.000000000000E+00 -0.104842102546E+00
  0.000000000000E+00  0.000000000000E+00  0.112245735078E+00  0.000000000000E+00
 -0.130292076188E+00 -0.752241652606E-01  0.000000000000E+00  0.000000000000E+00
  0.000000000000E+00  0.000000000000E+00  0.000000000000E+00  0.000000000000E+00
  0.318301114768E-02  0.000000000000E+00  0.000000000000E+00  0.000000000000E+00
  0.000000000000E+00  0.000000000000E+00  0.000000000000E+00 -0.298715843808E+00
  0.000000000000E+00  0.000000000000E+00  0.560861350025E+00  0.000000000000E+00
 -0.139992248771E+00 -0.808245625124E-01  0.000000000000E+00  0.000000000000E+00
  0.000000000000E+00  0.000000000000E+00  0.000000000000E+00  0.000000000000E+00
  0.538026827433E-01  0.000000000000E+00  0.000000000000E+00  0.000000000000E+00
  0.000000000000E+00  0.000000000000E+00  0.000000000000E+00  0.000000000000E+00
 -0.694562721856E-01  0.000000000000E+00  0.000000000000E+00  0.217307322270E-01
  0.000000000000E+00 -0.760715512105E-01 -0.746196481027E-01  0.000000000000E+00
  0.000000000000E+00  0.000000000000E+00  0.000000000000E+00  0.000000000000E+00
  0.000000000000E+00  0.946833426005E-03  0.000000000000E+00  0.000000000000E+00
  0.000000000000E+00  0.000000000000E+00  0.000000000000E+00  0.000000000000E+00
  0.000000000000E+00  0.000000000000E+00 -0.401005974433E-01  0.000000000000E+00
  0.000000000000E+00  0.125462441009E-01  0.000000000000E+00 -0.746196481027E-01
  0.100917966274E-01  0.000000000000E+00  0.000000000000E+00  0.000000000000E+00
  0.000000000000E+00  0.000000000000E+00  0.000000000000E+00  0.163996360015E-02
  0.000000000000E+00  0.000000000000E+00  0.000000000000E+00  0.000000000000E+00
 -0.248750733396E-02  0.129636807831E+00  0.161045031048E+00  0.139131857237E+00
  0.803278152286E-01  0.000000000000E+00 -0.180308787669E+00 -0.104101327098E+00
  0.000000000000E+00 -0.181948562422E-01  0.000000000000E+00  0.000000000000E+00
  0.689306782703E-01  0.119391436964E+00  0.318301114768E-02  0.538026827433E-01
 -0.946833426005E-03 -0.163996360015E-02  0.000000000000E+00  0.325467544386E+00
  0.286336034364E+00  0.000000000000E+00  0.000000000000E+00  0.000000000000E+00
  0.000000000000E+00  0.000000000000E+00  0.000000000000E+00  0.000000000000E+00
  0.000000000000E+00 -0.104842102546E+00  0.000000000000E+00  0.000000000000E+00
  0.112245735078E+00  0.000000000000E+00  0.130292076188E+00 -0.752241652606E-01
  0.000000000000E+00  0.000000000000E+00  0.000000000000E+00  0.000000000000E+00
  0.000000000000E+00  0.000000000000E+00  0.318301114768E-02  0.000000000000E+00
  0.000000000000E+00  0.000000000000E+00  0.000000000000E+00  0.318301114768E-02
  0.000000000000E+00  0.000000000000E+00  0.000000000000E+00  0.000000000000E+00
  0.000000000000E+00  0.000000000000E+00 -0.298715843808E+00  0.000000000000E+00
  0.000000000000E+00  0.560861350025E+00  0.000000000000E+00  0.139992248771E+00
 -0.808245625124E-01  0.000000000000E+00  0.000000000000E+00  0.000000000000E+00
  0.000000000000E+00  0.000000000000E+00  0.000000000000E+00  0.538026827433E-01
  0.000000000000E+00  0.000000000000E+00  0.000000000000E+00  0.000000000000E+00
  0.538026827433E-01  0.000000000000E+00  0.000000000000E+00  0.000000000000E+00
  0.000000000000E+00  0.000000000000E+00  0.000000000000E+00  0.000000000000E+00
  0.694562721856E-01  0.000000000000E+00  0.000000000000E+00 -0.217307322270E-01
  0.000000000000E+00 -0.760715512105E-01  0.746196481027E-01  0.000000000000E+00
  0.000000000000E+00  0.000000000000E+00  0.000000000000E+00  0.000000000000E+00
  0.000000000000E+00 -0.946833426005E-03  0.000000000000E+00  0.000000000000E+00
  0.000000000000E+00  0.000000000000E+00 -0.189366685201E-02  0.000000000000E+00
  0.000000000000E+00  0.000000000000E+00  0.000000000000E+00  0.000000000000E+00
  0.000000000000E+00  0.000000000000E+00  0.000000000000E+00 -0.401005974433E-01
  0.000000000000E+00  0.000000000000E+00  0.125462441009E-01  0.000000000000E+00
  0.746196481027E-01  0.100917966274E-01  0.000000000000E+00  0.000000000000E+00
  0.000000000000E+00  0.000000000000E+00  0.000000000000E+00  0.000000000000E+00
  0.163996360015E-02  0.000000000000E+00  0.000000000000E+00  0.000000000000E+00
  0.000000000000E+00 -0.740501181349E-18  0.000000000000E+00  0.000000000000E+00
  0.000000000000E+00  0.000000000000E+00 -0.248750733396E-02  0.129636807831E+00
  0.161045031048E+00 -0.139131857237E+00  0.803278152286E-01  0.000000000000E+00
  0.180308787669E+00 -0.104101327098E+00  0.000000000000E+00 -0.181948562422E-01
  0.000000000000E+00  0.000000000000E+00  0.689306782703E-01 -0.119391436964E+00
  0.318301114768E-02  0.538026827433E-01  0.946833426005E-03 -0.163996360015E-02
  0.000000000000E+00  0.318301114768E-02  0.538026827433E-01  0.189366685201E-02
  0.740501181349E-18  0.000000000000E+00  0.325467544386E+00  0.286336034364E+00
  0.000000000000E+00  0.000000000000E+00  0.000000000000E+00
 $END
