 Methane DF-BP86/def2-SVP                                                       
 PNLMOs in the AO basis:
 -------------------------------------------------------------------------------
 ALPHA SPIN
     0.987279662    0.042172069   -0.009639124    0.000000000    0.000007340
    -0.000000422    0.000000000   -0.000006161    0.000000386   -0.001167912
     0.000000000   -0.000000012   -0.000046793    0.000000000   -0.002808480
     0.002913866    0.000000000    0.001662584   -0.000000384   -0.002811737
     0.002916897    0.001454509   -0.000856959   -0.000000388   -0.002811737
     0.002916897   -0.001454509   -0.000856959   -0.000000388
    -0.000071210    0.000110861    0.000182715    0.000000000    0.000000007
     0.461391535    0.000000000   -0.000000005    0.660762770   -0.000000460
     0.000000000   -0.000157130    0.000000061    0.000000000    0.000006759
    -0.000007429    0.000000000    0.000000419    0.015767989    0.000006769
    -0.000007439    0.000000373   -0.000000199    0.015872809    0.000006769
    -0.000007439   -0.000000373   -0.000000199    0.015872809
    -0.099451957    0.185699594    0.192344096    0.000000000    0.274741318
    -0.000049557    0.000000000    0.264815387   -0.000059553   -0.002225089
     0.000000000   -0.000004796   -0.010519072    0.000000000    0.324686095
     0.192567996    0.000000000   -0.014962987    0.000000364    0.001017164
    -0.012155813   -0.000290480    0.003933295   -0.000000903    0.001017164
    -0.012155813    0.000290480    0.003933295   -0.000000903
    -0.099461548    0.185731059    0.192334726    0.238031932   -0.137456904
    -0.000049565    0.229349745   -0.132412129   -0.000059549   -0.002331051
    -0.000004285    0.000002492    0.005504455   -0.009414831    0.000982605
    -0.012167837    0.003067382   -0.001942098   -0.000000847    0.324745863
     0.192608275   -0.012402699    0.007088552    0.000000293    0.000989923
    -0.012152279    0.003397185   -0.001665952   -0.000000886
    -0.099461548    0.185731059    0.192334726   -0.238031932   -0.137456904
    -0.000049565   -0.229349745   -0.132412129   -0.000059549   -0.002331051
     0.000004285    0.000002492    0.005504455    0.009414831    0.000982605
    -0.012167837   -0.003067382   -0.001942098   -0.000000847    0.000989923
    -0.012152279   -0.003397185   -0.001665952   -0.000000886    0.324745863
     0.192608275    0.012402699    0.007088552    0.000000293
     0.203640481   -0.379107615   -0.392710414    0.000000000   -0.619495538
     0.000101128    0.000000000   -0.597103057    0.000121517    0.004527230
     0.000000000    0.000010828    0.023753046    0.000000000    1.066885074
     0.631072798    0.000000000   -0.049416998    0.000001093    0.013898178
     0.008223435   -0.000533112    0.000304926    0.000000014    0.013898178
     0.008223435    0.000533112    0.000304926    0.000000014
     0.203481634   -0.378851654   -0.392350482   -0.536157609    0.309578169
     0.000101060   -0.516601323    0.298227536    0.000121406    0.004762022
     0.000009651   -0.000005598   -0.012362881    0.021206539    0.013887252
     0.008216762    0.000000076   -0.000642396    0.000000017    1.066147493
     0.630646115   -0.040957030    0.023419476    0.000000850    0.013889137
     0.008218081    0.000532863    0.000304562    0.000000014
     0.203481634   -0.378851654   -0.392350482    0.536157609    0.309578169
     0.000101060    0.516601323    0.298227536    0.000121406    0.004762022
    -0.000009651   -0.000005598   -0.012362881   -0.021206539    0.013887252
     0.008216762   -0.000000076   -0.000642396    0.000000017    0.013889137
     0.008218081   -0.000532863    0.000304562    0.000000014    1.066147493
     0.630646115    0.040957030    0.023419476    0.000000850
    -0.048645018    0.254889102   -0.248718734    0.000000000    0.005265729
    -0.000353672    0.000000000   -0.006186283    0.000322132   -0.987334473
     0.000000000   -0.000010186   -0.039754917    0.000000000    0.000003542
    -0.000003939    0.000000000   -0.000001106   -0.000000002    0.000003544
    -0.000003944   -0.000001021    0.000000638   -0.000000002    0.000003544
    -0.000003944    0.000001021    0.000000638   -0.000000002
    -0.318292299    1.665955530   -1.579177000    0.000000000   -0.000003600
     0.000009320    0.000000000   -0.000002511    0.000013556    0.153451043
     0.000000000    0.000000000    0.000003082    0.000000000    0.000000000
     0.000000000    0.000000000    0.000000000    0.000000000    0.000000000
     0.000000000    0.000000000    0.000000000    0.000000000    0.000000000
     0.000000000    0.000000000    0.000000000    0.000000000
     0.000000000    0.000000000    0.000000000    1.027591021    0.000000000
     0.000000000   -1.039323476    0.000000000    0.000000000    0.000000000
     0.000000000    0.000000000    0.000000000    0.000000000    0.000000000
     0.000000000    0.000000000    0.000000000    0.000000000    0.000000000
     0.000000000    0.000000000    0.000000000    0.000000000    0.000000000
     0.000000000    0.000000000    0.000000000    0.000000000
    -0.000241973    0.001373915   -0.001420528    0.000000000   -1.027603593
     0.000000026    0.000000000    1.039280117    0.000000033   -0.005477716
     0.000000000    0.000000000   -0.000220560    0.000000000    0.000000000
     0.000000000    0.000000000    0.000000000    0.000000000    0.000000000
     0.000000000    0.000000000    0.000000000    0.000000000    0.000000000
     0.000000000    0.000000000    0.000000000    0.000000000
    -0.000019335    0.000090746   -0.000074517    0.000000000    0.000001724
     1.084403592    0.000000000   -0.000002035   -0.972722475   -0.000323998
     0.000000000    0.000000000   -0.000013046    0.000000000    0.000000000
     0.000000000    0.000000000    0.000000000    0.000000000    0.000000000
     0.000000000    0.000000000    0.000000000    0.000000000    0.000000000
     0.000000000    0.000000000    0.000000000    0.000000000
     0.000000000    0.000000000    0.000000000    0.013388852    0.000000000
     0.000000000    0.012900496    0.000000000    0.000000000    0.000000000
     0.000000000    0.000000000    0.000000000    0.999735252    0.000000000
     0.000000000    0.000000000    0.000000000    0.000000000    0.000000000
     0.000000000    0.000000000    0.000000000    0.000000000    0.000000000
     0.000000000    0.000000000    0.000000000    0.000000000
     0.000000000    0.000000000    0.000000000    0.000006092    0.000000000
     0.000000000    0.000005870    0.000000000    0.000000000    0.000000000
     1.000000000    0.000000000    0.000000000   -0.000000241    0.000000000
     0.000000000    0.000000000    0.000000000    0.000000000    0.000000000
     0.000000000    0.000000000    0.000000000    0.000000000    0.000000000
     0.000000000    0.000000000    0.000000000    0.000000000
    -0.000000444    0.000002519   -0.000002602    0.000000000    0.000006036
     0.000074444    0.000000000    0.000005702    0.000106621   -0.000010055
     0.000000000    0.999999987   -0.000000638    0.000000000    0.000000000
     0.000000000    0.000000000    0.000000000    0.000000000    0.000000000
     0.000000000    0.000000000    0.000000000    0.000000000    0.000000000
     0.000000000    0.000000000    0.000000000    0.000000000
    -0.001754751    0.009890497   -0.010152084    0.000000000    0.013150013
     0.000000125    0.000000000    0.012672310    0.000000155   -0.039287985
     0.000000000    0.000000000    0.998953427    0.000000000    0.000000000
     0.000000000    0.000000000    0.000000000    0.000000000    0.000000000
     0.000000000    0.000000000    0.000000000    0.000000000    0.000000000
     0.000000000    0.000000000    0.000000000    0.000000000
    -0.000004708    0.000004250    0.000005623    0.000000000   -0.000001999
     0.007498594    0.000000000   -0.000001926    0.010738800   -0.000000037
     0.000000000   -0.000002554    0.000000081    0.000000000   -0.000863717
     0.000955361    0.000000000    0.000110669   -1.004229283    0.000002499
     0.000001019   -0.000000139    0.000000055    0.000257967    0.000002499
     0.000001019    0.000000139    0.000000055    0.000257967
    -0.004923182    0.004127571    0.004415905    0.000000000   -0.003331464
    -0.000004022    0.000000000   -0.003209270   -0.000005498   -0.000053259
     0.000000000    0.000000061    0.000133181    0.000000000   -1.104030456
     1.227405133    0.000000000    0.344782527    0.000713058    0.003804202
     0.002096170   -0.000169443    0.000096554   -0.000000154    0.003804202
     0.002096170    0.000169443    0.000096554   -0.000000154
     0.000000000    0.000000000    0.000000000   -0.002553834    0.000000000
     0.000000000   -0.002460683    0.000000000    0.000000000    0.000000000
     0.000000046    0.000000000    0.000000000    0.000101011    0.000000000
     0.000000000    1.001317558    0.000000000    0.000000000   -0.001738641
    -0.001096439    0.000048406   -0.000047042   -0.000000027    0.001738641
     0.001096439    0.000048406    0.000047042    0.000000027
     0.000726865    0.000088357    0.000050629    0.000000000   -0.000044141
    -0.000000002    0.000000000   -0.000042532    0.000000002   -0.000001599
     0.000000000    0.000000001    0.000001729    0.000000000   -0.433524474
     0.443236447    0.000000000   -0.937291248    0.000147752    0.000047966
     0.000030499   -0.000001784    0.000000403    0.000000001    0.000047966
     0.000030499    0.000001784    0.000000403    0.000000001
    -0.000004655    0.000004187    0.000005565   -0.000001672    0.000000981
     0.007551595   -0.000001611    0.000000946    0.010814705   -0.000000035
     0.000000000   -0.000002572   -0.000000035    0.000000066    0.000002223
     0.000001226   -0.000000022   -0.000000118    0.000000000   -0.000843298
     0.000932720    0.000098094   -0.000062272   -1.004259160    0.000002314
     0.000001093    0.000000101    0.000000085    0.000129878
    -0.004979902    0.004172237    0.004464385   -0.002888302    0.001730282
    -0.000003962   -0.002782952    0.001668650   -0.000005410   -0.000052532
     0.000000052   -0.000000028   -0.000063546    0.000114240    0.003788855
     0.002247168   -0.000001459   -0.000174557   -0.000000090   -1.091871825
     1.214347190    0.314490113   -0.196503331    0.000694864    0.003761037
     0.002147628    0.000155034    0.000091111   -0.000000123
    -0.000020057    0.000019022    0.000019989   -0.001345907   -0.002300602
    -0.000000012   -0.001296816   -0.002217040   -0.000000016   -0.000000818
     0.000000024    0.000000041    0.000089449    0.000053234   -0.001797294
    -0.001134844   -0.000000006    0.000072041   -0.000000029   -0.021266762
     0.023233529    0.492571352    0.871668844    0.000006613    0.001831743
     0.001154224    0.000064284    0.000026002    0.000000028
     0.000677215    0.000082379    0.000047235   -0.000035593    0.000020693
    -0.000000001   -0.000034294    0.000019947    0.000000002   -0.000001475
     0.000000001    0.000000000   -0.000000792    0.000001408    0.000045077
     0.000028248   -0.000000459   -0.000001243    0.000000001   -0.463138485
     0.477699986   -0.810638663    0.450486355    0.000156202    0.000044778
     0.000028263    0.000000984    0.000001097    0.000000001
    -0.000004655    0.000004187    0.000005565    0.000001672    0.000000981
     0.007551595    0.000001611    0.000000946    0.010814705   -0.000000035
     0.000000000   -0.000002572   -0.000000035   -0.000000066    0.000002223
     0.000001226    0.000000022   -0.000000118    0.000000000    0.000002314
     0.000001093   -0.000000101    0.000000085    0.000129878   -0.000843298
     0.000932720   -0.000098094   -0.000062272   -1.004259160
    -0.004979902    0.004172237    0.004464385    0.002888302    0.001730282
    -0.000003962    0.002782952    0.001668650   -0.000005410   -0.000052532
    -0.000000052   -0.000000028   -0.000063546   -0.000114240    0.003788855
     0.002247168    0.000001459   -0.000174557   -0.000000090    0.003761037
     0.002147628   -0.000155034    0.000091111   -0.000000123   -1.091871825
     1.214347190   -0.314490113   -0.196503331    0.000694864
    -0.000020057    0.000019022    0.000019989    0.001345907   -0.002300602
    -0.000000012    0.001296816   -0.002217040   -0.000000016   -0.000000818
    -0.000000024    0.000000041    0.000089449   -0.000053234   -0.001797294
    -0.001134844    0.000000006    0.000072041   -0.000000029    0.001831743
     0.001154224   -0.000064284    0.000026002    0.000000028   -0.021266762
     0.023233529   -0.492571352    0.871668844    0.000006613
     0.000677215    0.000082379    0.000047235    0.000035593    0.000020693
    -0.000000001    0.000034294    0.000019947    0.000000002   -0.000001475
    -0.000000001    0.000000000   -0.000000792   -0.000001408    0.000045077
     0.000028248    0.000000459   -0.000001243    0.000000001    0.000044778
     0.000028263   -0.000000984    0.000001097    0.000000001   -0.463138485
     0.477699986    0.810638663    0.450486355    0.000156202
 BETA  SPIN
     0.987434337    0.041159639   -0.009468042    0.000000000    0.000005963
    -0.000001393    0.000000000   -0.000004998   -0.000000089   -0.002121137
     0.000000000   -0.000000010   -0.000040481    0.000000000   -0.002488177
     0.003100378    0.000000000    0.001432895   -0.000000332   -0.002490820
     0.003102805    0.001266036   -0.000749599   -0.000000340   -0.002490820
     0.003102805   -0.001266036   -0.000749599   -0.000000340
    -0.096905073    0.184992868    0.179128139    0.000000000    0.269667952
    -0.000025983    0.000000000    0.257562162   -0.000017683   -0.011459441
     0.000000000   -0.000007268   -0.010060461    0.000000000    0.328876810
     0.204920529    0.000000000   -0.016682350    0.000003564    0.004150779
    -0.010785912   -0.000937195    0.005103378    0.000000363    0.004150779
    -0.010785912    0.000937195    0.005103378    0.000000363
    -0.096909462    0.185014548    0.179108971    0.233653137   -0.134942122
    -0.000025990    0.223063280   -0.128780073   -0.000017677   -0.011566560
    -0.000006415    0.000003719    0.005332604   -0.009065451    0.004099404
    -0.010801998    0.003776379   -0.003232338    0.000000465    0.328941950
     0.204960418   -0.013801501    0.007881857    0.000003483    0.004116701
    -0.010785608    0.004760404   -0.001726350    0.000000380
    -0.096909462    0.185014548    0.179108971   -0.233653137   -0.134942122
    -0.000025990   -0.223063280   -0.128780073   -0.000017677   -0.011566560
     0.000006415    0.000003719    0.005332604    0.009065451    0.004099404
    -0.010801998   -0.003776379   -0.003232338    0.000000465    0.004116701
    -0.010785608   -0.004760404   -0.001726350    0.000000380    0.328941950
     0.204960418    0.013801501    0.007881857    0.000003483
    -0.000010710   -0.000034011    0.000131331    0.000000000    0.000001445
     0.548829798    0.000000000   -0.000001653    0.593517789   -0.000616810
     0.000000000    0.000000000   -0.000011512    0.000000000    0.000000000
     0.000000000    0.000000000    0.000000000    0.000000000    0.000000000
     0.000000000    0.000000000    0.000000000    0.000000000    0.000000000
     0.000000000    0.000000000    0.000000000    0.000000000
     0.222281507   -0.425659142   -0.412134506    0.000000000   -0.656878788
     0.000059782    0.000000000   -0.627381137    0.000040686    0.026357970
     0.000000000    0.000017711    0.024532967    0.000000000    1.052790687
     0.654365918    0.000000000   -0.053771069    0.000011462    0.008684957
     0.005057882   -0.000435304    0.000251406    0.000000101    0.008684957
     0.005057882    0.000435304    0.000251406    0.000000101
     0.222058230   -0.425270842   -0.411660655   -0.568432276    0.328234839
     0.000059738   -0.542669229    0.313255520    0.000040629    0.026591277
     0.000015607   -0.000009038   -0.012944417    0.022054466    0.008678312
     0.005050922    0.000000019   -0.000521588    0.000000106    1.051900723
     0.653801622   -0.044460603    0.025401287    0.000011178    0.008685952
     0.005052504    0.000436633    0.000252013    0.000000101
     0.222058230   -0.425270842   -0.411660655    0.568432276    0.328234839
     0.000059738    0.542669229    0.313255520    0.000040629    0.026591277
    -0.000015607   -0.000009038   -0.012944417   -0.022054466    0.008678312
     0.005050922   -0.000000019   -0.000521588    0.000000106    0.008685952
     0.005052504   -0.000436633    0.000252013    0.000000101    1.051900723
     0.653801622    0.044460603    0.025401287    0.000011178
    -0.034166995    0.157836084   -0.114183981    0.000000000   -0.002366934
     0.000661818    0.000000000    0.002706497    0.000048901    0.995803443
     0.000000000    0.000004810    0.018814707    0.000000000   -0.000006008
     0.000006662    0.000000000    0.000002681    0.000000000   -0.000006031
     0.000006684    0.000002348   -0.000001421    0.000000000   -0.000006031
     0.000006684   -0.000002348   -0.000001421    0.000000000
    -0.316678223    1.671975685   -1.600801103    0.000000000    0.000018029
     0.000000000    0.000000000    0.000016908    0.000000000   -0.082578819
     0.000000000    0.000000000   -0.000003840    0.000000000    0.000000000
     0.000000000    0.000000000    0.000000000    0.000000000    0.000000000
     0.000000000    0.000000000    0.000000000    0.000000000    0.000000000
     0.000000000    0.000000000    0.000000000    0.000000000
     0.000000000    0.000000000    0.000000000    1.026104808    0.000000000
     0.000000000   -1.040748890    0.000000000    0.000000000    0.000000000
     0.000000000    0.000000000    0.000000000    0.000000000    0.000000000
     0.000000000    0.000000000    0.000000000    0.000000000    0.000000000
     0.000000000    0.000000000    0.000000000    0.000000000    0.000000000
     0.000000000    0.000000000    0.000000000    0.000000000
    -0.000118950    0.000444428   -0.000225269    0.000000000    1.026131462
     0.000000000    0.000000000   -1.040717327    0.000000000    0.002444238
     0.000000000    0.000000000    0.000046349    0.000000000    0.000000000
     0.000000000    0.000000000    0.000000000    0.000000000    0.000000000
     0.000000000    0.000000000    0.000000000    0.000000000    0.000000000
     0.000000000    0.000000000    0.000000000    0.000000000
     0.000007044   -0.000040869    0.000043141    0.000000000    0.000000726
     1.045621393    0.000000000   -0.000000842   -1.020918860   -0.000309102
     0.000000000    0.000000000   -0.000005822    0.000000000    0.000000000
     0.000000000    0.000000000    0.000000000    0.000000000    0.000000000
     0.000000000    0.000000000    0.000000000    0.000000000    0.000000000
     0.000000000    0.000000000    0.000000000    0.000000000
     0.000000000    0.000000000    0.000000000    0.013252095    0.000000000
     0.000000000    0.012651471    0.000000000    0.000000000    0.000000000
     0.000000000    0.000000000    0.000000000    0.999742951    0.000000000
     0.000000000    0.000000000    0.000000000    0.000000000    0.000000000
     0.000000000    0.000000000    0.000000000    0.000000000    0.000000000
     0.000000000    0.000000000    0.000000000    0.000000000
     0.000000000    0.000000000    0.000000000    0.000009376    0.000000000
     0.000000000    0.000008951    0.000000000    0.000000000    0.000000000
     1.000000000    0.000000000    0.000000000   -0.000000364    0.000000000
     0.000000000    0.000000000    0.000000000    0.000000000    0.000000000
     0.000000000    0.000000000    0.000000000    0.000000000    0.000000000
     0.000000000    0.000000000    0.000000000    0.000000000
     0.000000223   -0.000000851    0.000000461    0.000000000    0.000009282
    -0.000000003    0.000000000    0.000008839    0.000000000   -0.000004782
     0.000000000    1.000000000   -0.000000443    0.000000000    0.000000000
     0.000000000    0.000000000    0.000000000    0.000000000    0.000000000
     0.000000000    0.000000000    0.000000000    0.000000000    0.000000000
     0.000000000    0.000000000    0.000000000    0.000000000
    -0.000855270    0.003294659   -0.001822797    0.000000000   -0.012991536
     0.000000000    0.000000000   -0.012405057    0.000000000    0.018720257
     0.000000000    0.000000000   -0.999575654    0.000000000    0.000000000
     0.000000000    0.000000000    0.000000000    0.000000000    0.000000000
     0.000000000    0.000000000    0.000000000    0.000000000    0.000000000
     0.000000000    0.000000000    0.000000000    0.000000000
    -0.005054973    0.004522546    0.004510958    0.000000000   -0.003574318
    -0.000000651    0.000000000   -0.003411199   -0.000000443   -0.000289722
     0.000000000    0.000000098    0.000140962    0.000000000   -1.042435741
     1.155369656    0.000000000    0.464999818   -0.000070287    0.004239886
     0.002628795   -0.000181035    0.000102234    0.000000045    0.004239886
     0.002628795    0.000181035    0.000102234    0.000000045
     0.000000000    0.000000000    0.000000000   -0.003112073    0.000000000
     0.000000000   -0.002971025    0.000000000    0.000000000    0.000000000
     0.000000085    0.000000000    0.000000000    0.000120745    0.000000000
     0.000000000    1.001605738    0.000000000    0.000000000   -0.002164423
    -0.001435455    0.000060524   -0.000064178   -0.000000021    0.002164423
     0.001435455    0.000060524    0.000064178    0.000000021
     0.000205933    0.000023305    0.000011900    0.000000000   -0.000010858
    -0.000000002    0.000000000   -0.000010364   -0.000000001   -0.000001359
     0.000000000    0.000000000    0.000000420    0.000000000   -0.581012380
     0.599535656    0.000000000   -0.883169596    0.000668151    0.000012570
     0.000008325   -0.000000457    0.000000074    0.000000000    0.000012570
     0.000008325    0.000000457    0.000000074    0.000000000
     0.000000000    0.000000000    0.000000000    0.000000000    0.000000000
     0.000000000    0.000000000    0.000000000    0.000000000    0.000000000
     0.000000000    0.000000000    0.000000000    0.000000000   -0.000309252
     0.000321449    0.000000000   -0.000623454   -0.999999774    0.000000000
     0.000000000    0.000000000    0.000000000    0.000000000    0.000000000
     0.000000000    0.000000000    0.000000000    0.000000000
    -0.005087096    0.004543106    0.004532452   -0.003082076    0.001842923
    -0.000000654   -0.002942387    0.001761465   -0.000000445   -0.000289642
     0.000000085   -0.000000049   -0.000065110    0.000119581    0.004390197
     0.002564669   -0.000001060   -0.000261693    0.000000053   -1.038100109
     1.150054893    0.404119349   -0.244592940   -0.000057726    0.004267906
     0.002564936    0.000197456    0.000114761    0.000000048
    -0.000019704    0.000022444    0.000021844   -0.001627377   -0.002784229
    -0.000000003   -0.001553619   -0.002658515   -0.000000002   -0.000002130
     0.000000045    0.000000076    0.000105948    0.000063140   -0.002222389
    -0.001475656   -0.000000004    0.000091969   -0.000000021   -0.016623347
     0.018123849    0.496476761    0.869853681   -0.000003122    0.002263400
     0.001499945    0.000083464    0.000031704    0.000000022
     0.000215680    0.000024458    0.000012512   -0.000009847    0.000005759
    -0.000000002   -0.000009401    0.000005503   -0.000000001   -0.000001422
     0.000000000    0.000000000   -0.000000212    0.000000382    0.000013228
     0.000008805   -0.000000159   -0.000000542    0.000000000   -0.588589277
     0.609568339   -0.766970881    0.430182003    0.000818057    0.000013149
     0.000008730    0.000000338    0.000000378    0.000000000
     0.000000000    0.000000000    0.000000000    0.000000000    0.000000000
     0.000000000    0.000000000    0.000000000    0.000000000    0.000000000
     0.000000000    0.000000000    0.000000000    0.000000000    0.000000000
     0.000000000    0.000000000    0.000000000    0.000000000   -0.000416124
     0.000434413   -0.000652825    0.000363635   -0.999999664    0.000000000
     0.000000000    0.000000000    0.000000000    0.000000000
    -0.005087096    0.004543106    0.004532452    0.003082076    0.001842923
    -0.000000654    0.002942387    0.001761465   -0.000000445   -0.000289642
    -0.000000085   -0.000000049   -0.000065110   -0.000119581    0.004390197
     0.002564669    0.000001060   -0.000261693    0.000000053    0.004267906
     0.002564936   -0.000197456    0.000114761    0.000000048   -1.038100109
     1.150054893   -0.404119349   -0.244592940   -0.000057726
    -0.000019704    0.000022444    0.000021844    0.001627377   -0.002784229
    -0.000000003    0.001553619   -0.002658515   -0.000000002   -0.000002130
    -0.000000045    0.000000076    0.000105948   -0.000063140   -0.002222389
    -0.001475656    0.000000004    0.000091969   -0.000000021    0.002263400
     0.001499945   -0.000083464    0.000031704    0.000000022   -0.016623347
     0.018123849   -0.496476761    0.869853681   -0.000003122
     0.000215680    0.000024458    0.000012512    0.000009847    0.000005759
    -0.000000002    0.000009401    0.000005503   -0.000000001   -0.000001422
     0.000000000    0.000000000   -0.000000212   -0.000000382    0.000013228
     0.000008805    0.000000159   -0.000000542    0.000000000    0.000013149
     0.000008730   -0.000000338    0.000000378    0.000000000   -0.588589277
     0.609568339    0.766970881    0.430182003    0.000818057
     0.000000000    0.000000000    0.000000000    0.000000000    0.000000000
     0.000000000    0.000000000    0.000000000    0.000000000    0.000000000
     0.000000000    0.000000000    0.000000000    0.000000000    0.000000000
     0.000000000    0.000000000    0.000000000    0.000000000    0.000000000
     0.000000000    0.000000000    0.000000000    0.000000000   -0.000416124
     0.000434413    0.000652825    0.000363635   -0.999999664
