 Methane DF-BP86/def2-SVP                                                       
 AO density matrix:
 -------------------------------------------------------------------------------
     1.999360485    0.663068531    1.738685970    0.296740866    1.693790200
     1.719985799    0.000000000    0.000000000    0.000000000    1.300875293
     0.000000000    0.000000000    0.000000000    0.000000000    1.300875293
     0.000000623   -0.000063635   -0.000090638    0.000000000    0.000000000
     0.801937705    0.000000000    0.000000000    0.000000000    1.359931354
     0.000000000    0.000000000    1.421753439    0.000000000    0.000000000
     0.000000000    0.000000000    1.359931354    0.000000000    0.000000000
     1.421753439    0.000001034   -0.000073174   -0.000099587    0.000000000
     0.000000000    0.763343656    0.000000000    0.000000000    0.726606983
     0.003647219   -0.180474502   -0.190567968    0.000000000    0.000000000
     0.000039053    0.000000000    0.000000000    0.000038666    0.022372395
     0.000000000    0.000000000    0.000000000   -0.000100132    0.000000000
     0.000000000   -0.000104725    0.000000000    0.000000000    0.000000000
     0.000000008    0.000000000    0.000000000    0.000000000    0.000000000
    -0.000100132    0.000000000    0.000000000   -0.000104725    0.000000000
     0.000000000    0.000000000    0.000000008    0.000000000    0.000000000
     0.000000000    0.000000000   -0.270652333    0.000000000    0.000000000
    -0.283003574    0.000000000    0.000000000    0.000000000    0.000020869
     0.056359057    0.000000000    0.000000000    0.000000000   -0.270652333
     0.000000000    0.000000000   -0.283003574    0.000000000    0.000000000
     0.000000000    0.000020869    0.000000000    0.000000000    0.056359057
     0.090562607    0.917297253    0.945606757    0.000000000    1.132833003
    -0.000159643    0.000000000    1.184378836   -0.000159367   -0.106351753
     0.000000000   -0.000087263   -0.235780116    0.000000000    1.509323865
     0.164334594    1.218137064    1.246842815    0.000000000    0.720773368
    -0.000139288    0.000000000    0.753568426   -0.000142299   -0.139218721
     0.000000000   -0.000055521   -0.150015812    0.000000000    1.315192180
     1.304625482    0.000000000    0.000000000    0.000000000    0.276191710
     0.000000000    0.000000000    0.288714031    0.000000000    0.000000000
     0.000000000   -0.000021250    0.000000000    0.000000000   -0.057450680
     0.000000000    0.000000000    0.058641883   -0.168918440   -0.481381161
    -0.471836125    0.000000000   -0.272862793    0.000080076    0.000000000
    -0.285200877    0.000079762    0.050463429    0.000000000    0.000020976
     0.056733014    0.000000000   -0.493623804   -0.490865029    0.000000000
     0.190682766    0.000028326    0.000085079    0.000076417    0.000000000
     0.000090042    0.248112542    0.000000000    0.000094125    0.236171878
     0.000000635    0.000000000   -0.000000007   -0.000018730    0.000000000
     0.000086090    0.000082265    0.000000000   -0.000023206    0.076763872
     0.090562607    0.917297253    0.945606757    0.981062159   -0.566416502
    -0.000159643    1.025702159   -0.592189418   -0.000159367   -0.106351753
    -0.000075572    0.000043632    0.117890058   -0.204191570    0.029329844
     0.373537887    0.208272181   -0.137303316   -0.000031517    1.509323865
     0.164334594    1.218137064    1.246842815    0.624208047   -0.360386684
    -0.000139288    0.652609401   -0.376784213   -0.000142299   -0.139218721
    -0.000048083    0.000027761    0.075007906   -0.129917504    0.373537887
     0.705492754    0.132514935   -0.264152309    0.000007437    1.315192180
     1.304625482   -0.146287660   -0.416888315   -0.408622071   -0.135599168
     0.237747574    0.000069348   -0.141722150    0.248512445    0.000069076
     0.043702612    0.000010419   -0.000018284   -0.049442990    0.028187090
    -0.014772070   -0.162505143   -0.028795537    0.065660978    0.000012720
    -0.427490754   -0.425101585    0.157672545    0.084459220    0.240690581
     0.235918063    0.237747574    0.138928084   -0.000040038    0.248512445
     0.145235304   -0.000039881   -0.025231715   -0.000018284   -0.000010694
    -0.028904756   -0.049442990    0.249020657    0.246837455    0.050482018
    -0.095850728    0.000011774    0.246811902    0.245432515   -0.057175379
     0.091652104    0.000028326    0.000085079    0.000076417    0.000077979
    -0.000045021    0.248112542    0.000081515   -0.000047063    0.236171878
     0.000000635   -0.000000006    0.000000003    0.000009365   -0.000016221
    -0.000031517    0.000007437    0.000016557    0.000005129    0.076763863
     0.000086090    0.000082265   -0.000020097    0.000011603    0.076763872
     0.090562607    0.917297253    0.945606757   -0.981062159   -0.566416502
    -0.000159643   -1.025702159   -0.592189418   -0.000159367   -0.106351753
     0.000075572    0.000043632    0.117890058    0.204191570    0.029329844
     0.373537887   -0.208272181   -0.137303316   -0.000031517    0.029329844
     0.373537887   -0.223044250   -0.111717341   -0.000031517    1.509323865
     0.164334594    1.218137064    1.246842815   -0.624208047   -0.360386684
    -0.000139288   -0.652609401   -0.376784213   -0.000142299   -0.139218721
     0.000048083    0.000027761    0.075007906    0.129917504    0.373537887
     0.705492754   -0.132514935   -0.264152309    0.000007437    0.373537887
     0.705492754   -0.295020078    0.017314854    0.000007437    1.315192180
     1.304625482    0.146287660    0.416888315    0.408622071   -0.135599168
    -0.237747574   -0.000069348   -0.141722150   -0.248512445   -0.000069076
    -0.043702612    0.000010419    0.000018284    0.049442990    0.028187090
     0.014772070    0.162505143   -0.028795537   -0.065660978   -0.000012720
     0.223044250    0.295020078   -0.129378323    0.007589480    0.000003837
     0.427490754    0.425101585    0.157672545    0.084459220    0.240690581
     0.235918063   -0.237747574    0.138928084   -0.000040038   -0.248512445
     0.145235304   -0.000039881   -0.025231715    0.000018284   -0.000010694
    -0.028904756    0.049442990    0.249020657    0.246837455   -0.050482018
    -0.095850728    0.000011774   -0.111717341    0.017314854   -0.007589480
     0.004732058   -0.000016903    0.246811902    0.245432515    0.057175379
     0.091652104    0.000028326    0.000085079    0.000076417   -0.000077979
    -0.000045021    0.248112542   -0.000081515   -0.000047063    0.236171878
     0.000000635    0.000000006    0.000000003    0.000009365    0.000016221
    -0.000031517    0.000007437   -0.000016557    0.000005129    0.076763863
    -0.000031517    0.000007437   -0.000003837   -0.000016903    0.076763863
     0.000086090    0.000082265    0.000020097    0.000011603    0.076763872
 Methane DF-BP86/def2-SVP                                                       
 AO density matrix:
 -------------------------------------------------------------------------------
 ALPHA SPIN
     0.999675528    0.331312728    0.882068290    0.148060119    0.853839980
     0.860572269    0.000000000    0.000000000    0.000000000    0.660115710
     0.000000000    0.000000000    0.000000000    0.000000000    0.660115710
    -0.000001016    0.000027378    0.000006083    0.000000000    0.000000000
     0.801937694    0.000000000    0.000000000    0.000000000    0.684824587
     0.000000000    0.000000000    0.710458346    0.000000000    0.000000000
     0.000000000    0.000000000    0.684824587    0.000000000    0.000000000
     0.710458346   -0.000000853    0.000018783   -0.000001816    0.000000000
     0.000000000    0.763343644    0.000000000    0.000000000    0.726606971
     0.001983167   -0.076237926   -0.079838054    0.000000000    0.000000000
     0.000026199    0.000000000    0.000000000    0.000025666    0.007660469
     0.000000000    0.000000000    0.000000000   -0.000047881    0.000000000
     0.000000000   -0.000049673    0.000000000    0.000000000    0.000000000
     0.000000003    0.000000000    0.000000000    0.000000000    0.000000000
    -0.000047881    0.000000000    0.000000000   -0.000049673    0.000000000
     0.000000000    0.000000000    0.000000003    0.000000000    0.000000000
     0.000000000    0.000000000   -0.133358335    0.000000000    0.000000000
    -0.138350089    0.000000000    0.000000000    0.000000000    0.000009673
     0.026941406    0.000000000    0.000000000    0.000000000   -0.133358335
     0.000000000    0.000000000   -0.138350089    0.000000000    0.000000000
     0.000000000    0.000009673    0.000000000    0.000000000    0.026941406
     0.045168829    0.456843392    0.467162263    0.000000000    0.567522446
    -0.000105092    0.000000000    0.588765453   -0.000104215   -0.043908207
     0.000000000   -0.000041165   -0.114652397    0.000000000    0.742788718
     0.081972626    0.611030781    0.620579553    0.000000000    0.361174356
    -0.000068317    0.000000000    0.374693521   -0.000070550   -0.057973273
     0.000000000   -0.000026197   -0.072965406    0.000000000    0.648291244
     0.645758363    0.000000000    0.000000000    0.000000000    0.141140045
     0.000000000    0.000000000    0.146423076    0.000000000    0.000000000
     0.000000000   -0.000010237    0.000000000    0.000000000   -0.028513488
     0.000000000    0.000000000    0.030177304   -0.084311953   -0.246975166
    -0.240739044    0.000000000   -0.141498341    0.000054910    0.000000000
    -0.146794783    0.000054332    0.021642036    0.000000000    0.000010263
     0.028585872    0.000000000   -0.250785912   -0.249930092    0.000000000
     0.099564318    0.000013715    0.000059624    0.000052421    0.000000000
     0.000045992    0.248112544    0.000000000    0.000047714    0.236171881
     0.000003503    0.000000000   -0.000000003   -0.000009291    0.000000000
     0.000034269    0.000040337    0.000000000   -0.000007243    0.076763868
     0.045168829    0.456843392    0.467162263    0.491488855   -0.283761223
    -0.000105092    0.509885839   -0.294382727   -0.000104215   -0.043908207
    -0.000035650    0.000020582    0.057326199   -0.099291889    0.010913104
     0.182521642    0.105085757   -0.068309985   -0.000025042    0.742788718
     0.081972626    0.611030781    0.620579553    0.312786168   -0.180587178
    -0.000068317    0.324494108   -0.187346761   -0.000070550   -0.057973273
    -0.000022688    0.000013099    0.036482703   -0.063189895    0.182521642
     0.349340068    0.066877144   -0.133801424    0.000002591    0.648291244
     0.645758363   -0.073016293   -0.213886768   -0.208486128   -0.070838744
     0.122386011    0.000047553   -0.073490319    0.126967058    0.000047053
     0.018742553    0.000005138   -0.000008877   -0.024724748    0.014311032
    -0.006615304   -0.082436860   -0.015146108    0.033724149    0.000010792
    -0.217186971   -0.216445809    0.082217565    0.042155977    0.123487583
     0.120369522    0.122386011    0.070480448   -0.000027455    0.126967058
     0.073118611   -0.000027166   -0.010821018   -0.000008877   -0.000005112
    -0.014238648   -0.024724748    0.125161927    0.124818018    0.026167484
    -0.049724558    0.000003603    0.125392956    0.124965046   -0.030045459
     0.047524057    0.000013715    0.000059624    0.000052421    0.000039830
    -0.000022996    0.248112544    0.000041321   -0.000023857    0.236171881
     0.000003503   -0.000000003    0.000000002    0.000004646   -0.000008047
    -0.000025042    0.000002591    0.000008516    0.000007545    0.076763864
     0.000034269    0.000040337   -0.000006272    0.000003621    0.076763868
     0.045168829    0.456843392    0.467162263   -0.491488855   -0.283761223
    -0.000105092   -0.509885839   -0.294382727   -0.000104215   -0.043908207
     0.000035650    0.000020582    0.057326199    0.099291889    0.010913104
     0.182521642   -0.105085757   -0.068309985   -0.000025042    0.010913104
     0.182521642   -0.111701061   -0.056851943   -0.000025042    0.742788718
     0.081972626    0.611030781    0.620579553   -0.312786168   -0.180587178
    -0.000068317   -0.324494108   -0.187346761   -0.000070550   -0.057973273
     0.000022688    0.000013099    0.036482703    0.063189895    0.182521642
     0.349340068   -0.066877144   -0.133801424    0.000002591    0.182521642
     0.349340068   -0.149314005    0.008983406    0.000002591    0.648291244
     0.645758363    0.073016293    0.213886768    0.208486128   -0.070838744
    -0.122386011   -0.000047553   -0.073490319   -0.126967058   -0.000047053
    -0.018742553    0.000005138    0.000008877    0.024724748    0.014311032
     0.006615304    0.082436860   -0.015146108   -0.033724149   -0.000010792
     0.111701061    0.149314005   -0.067013783    0.003778332   -0.000002276
     0.217186971    0.216445809    0.082217565    0.042155977    0.123487583
     0.120369522   -0.122386011    0.070480448   -0.000027455   -0.126967058
     0.073118611   -0.000027166   -0.010821018    0.000008877   -0.000005112
    -0.014238648    0.024724748    0.125161927    0.124818018   -0.026167484
    -0.049724558    0.000003603   -0.056851943    0.008983406   -0.003778332
     0.002143117   -0.000011148    0.125392956    0.124965046    0.030045459
     0.047524057    0.000013715    0.000059624    0.000052421   -0.000039830
    -0.000022996    0.248112544   -0.000041321   -0.000023857    0.236171881
     0.000003503    0.000000003    0.000000002    0.000004646    0.000008047
    -0.000025042    0.000002591   -0.000008516    0.000007545    0.076763864
    -0.000025042    0.000002591    0.000002276   -0.000011148    0.076763864
     0.000034269    0.000040337    0.000006272    0.000003621    0.076763868
 BETA  SPIN
     0.999684957    0.331755804    0.856617681    0.148680748    0.839950219
     0.859413530    0.000000000    0.000000000    0.000000000    0.640759583
     0.000000000    0.000000000    0.000000000    0.000000000    0.640759583
     0.000001639   -0.000091014   -0.000096721    0.000000000    0.000000000
     0.000000011    0.000000000    0.000000000    0.000000000    0.675106767
     0.000000000    0.000000000    0.711295093    0.000000000    0.000000000
     0.000000000    0.000000000    0.675106767    0.000000000    0.000000000
     0.711295093    0.000001887   -0.000091958   -0.000097771    0.000000000
     0.000000000    0.000000011    0.000000000    0.000000000    0.000000011
     0.001664052   -0.104236576   -0.110729915    0.000000000    0.000000000
     0.000012855    0.000000000    0.000000000    0.000012999    0.014711925
     0.000000000    0.000000000    0.000000000   -0.000052251    0.000000000
     0.000000000   -0.000055052    0.000000000    0.000000000    0.000000000
     0.000000004    0.000000000    0.000000000    0.000000000    0.000000000
    -0.000052251    0.000000000    0.000000000   -0.000055052    0.000000000
     0.000000000    0.000000000    0.000000004    0.000000000    0.000000000
     0.000000000    0.000000000   -0.137293998    0.000000000    0.000000000
    -0.144653486    0.000000000    0.000000000    0.000000000    0.000011196
     0.029417651    0.000000000    0.000000000    0.000000000   -0.137293998
     0.000000000    0.000000000   -0.144653486    0.000000000    0.000000000
     0.000000000    0.000011196    0.000000000    0.000000000    0.029417651
     0.045393778    0.460453861    0.478444495    0.000000000    0.565310557
    -0.000054551    0.000000000    0.595613382   -0.000055152   -0.062443546
     0.000000000   -0.000046099   -0.121127719    0.000000000    0.766535147
     0.082361968    0.607106283    0.626263262    0.000000000    0.359599012
    -0.000070972    0.000000000    0.378874905   -0.000071749   -0.081245448
     0.000000000   -0.000029324   -0.077050406    0.000000000    0.666900937
     0.658867119    0.000000000    0.000000000    0.000000000    0.135051665
     0.000000000    0.000000000    0.142290955    0.000000000    0.000000000
     0.000000000   -0.000011013    0.000000000    0.000000000   -0.028937192
     0.000000000    0.000000000    0.028464580   -0.084606486   -0.234405995
    -0.231097081    0.000000000   -0.131364453    0.000025167    0.000000000
    -0.138406094    0.000025429    0.028821393    0.000000000    0.000010712
     0.028147142    0.000000000   -0.242837892   -0.240934937    0.000000000
     0.091118448    0.000014611    0.000025455    0.000023996    0.000000000
     0.000044050   -0.000000003    0.000000000    0.000046412   -0.000000003
    -0.000002868    0.000000000   -0.000000004   -0.000009439    0.000000000
     0.000051821    0.000041928    0.000000000   -0.000015963    0.000000004
     0.045393778    0.460453861    0.478444495    0.489573303   -0.282655279
    -0.000054551    0.515816320   -0.297806691   -0.000055152   -0.062443546
    -0.000039923    0.000023049    0.060563859   -0.104899681    0.018416739
     0.191016245    0.103186424   -0.068993331   -0.000006474    0.766535147
     0.082361968    0.607106283    0.626263262    0.311421879   -0.179799506
    -0.000070972    0.328115293   -0.189437453   -0.000071749   -0.081245448
    -0.000025395    0.000014662    0.038525203   -0.066727609    0.191016245
     0.356152686    0.065637791   -0.130350885    0.000004846    0.666900937
     0.658867119   -0.073271366   -0.203001547   -0.200135943   -0.064760423
     0.115361563    0.000021795   -0.068231832    0.121545388    0.000022022
     0.024960059    0.000005281   -0.000009407   -0.024718242    0.013876058
    -0.008156766   -0.080068283   -0.013649430    0.031936830    0.000001928
    -0.210303783   -0.208655776    0.075454981    0.042303243    0.117202998
     0.115548541    0.115361563    0.068447636   -0.000012583    0.121545388
     0.072116693   -0.000012715   -0.014410697   -0.000009407   -0.000005582
    -0.014666108   -0.024718242    0.123858730    0.122019437    0.024314535
    -0.046126170    0.000008171    0.121418946    0.120467469   -0.027129921
     0.044128047    0.000014611    0.000025455    0.000023996    0.000038149
    -0.000022025   -0.000000003    0.000040194   -0.000023206   -0.000000003
    -0.000002868   -0.000000003    0.000000002    0.000004719   -0.000008174
    -0.000006474    0.000004846    0.000008041   -0.000002416   -0.000000001
     0.000051821    0.000041928   -0.000013824    0.000007981    0.000000004
     0.045393778    0.460453861    0.478444495   -0.489573303   -0.282655279
    -0.000054551   -0.515816320   -0.297806691   -0.000055152   -0.062443546
     0.000039923    0.000023049    0.060563859    0.104899681    0.018416739
     0.191016245   -0.103186424   -0.068993331   -0.000006474    0.018416739
     0.191016245   -0.111343190   -0.054865398   -0.000006474    0.766535147
     0.082361968    0.607106283    0.626263262   -0.311421879   -0.179799506
    -0.000070972   -0.328115293   -0.189437453   -0.000071749   -0.081245448
     0.000025395    0.000014662    0.038525203    0.066727609    0.191016245
     0.356152686   -0.065637791   -0.130350885    0.000004846    0.191016245
     0.356152686   -0.145706073    0.008331448    0.000004846    0.666900937
     0.658867119    0.073271366    0.203001547    0.200135943   -0.064760423
    -0.115361563   -0.000021795   -0.068231832   -0.121545388   -0.000022022
    -0.024960059    0.000005281    0.000009407    0.024718242    0.013876058
     0.008156766    0.080068283   -0.013649430   -0.031936830   -0.000001928
     0.111343190    0.145706073   -0.062364541    0.003811148    0.000006113
     0.210303783    0.208655776    0.075454981    0.042303243    0.117202998
     0.115548541   -0.115361563    0.068447636   -0.000012583   -0.121545388
     0.072116693   -0.000012715   -0.014410697    0.000009407   -0.000005582
    -0.014666108    0.024718242    0.123858730    0.122019437   -0.024314535
    -0.046126170    0.000008171   -0.054865398    0.008331448   -0.003811148
     0.002588940   -0.000005755    0.121418946    0.120467469    0.027129921
     0.044128047    0.000014611    0.000025455    0.000023996   -0.000038149
    -0.000022025   -0.000000003   -0.000040194   -0.000023206   -0.000000003
    -0.000002868    0.000000003    0.000000002    0.000004719    0.000008174
    -0.000006474    0.000004846   -0.000008041   -0.000002416   -0.000000001
    -0.000006474    0.000004846   -0.000006113   -0.000005755   -0.000000001
     0.000051821    0.000041928    0.000013824    0.000007981    0.000000004
