 Methane DF-BP86/def2-SVP                                                       
 NHOs in the AO basis:
 -------------------------------------------------------------------------------
 ALPHA SPIN
     0.986717982    0.046947149   -0.023023748    0.000000000    0.000001907
     0.000000114    0.000000000    0.000000205    0.000000947    0.000045462
     0.000000000    0.000000000   -0.000000562    0.000000000    0.000858777
     0.003185338    0.000000000    0.000021179   -0.000000024    0.000859850
     0.003186713    0.000015308   -0.000008159   -0.000000022    0.000859850
     0.003186713   -0.000015308   -0.000008159   -0.000000022
    -0.000088737    0.000199346    0.000151375    0.000000000   -0.000000006
     0.616977635    0.000000000   -0.000000011    0.524063105   -0.000000465
     0.000000000   -0.000175503    0.000000076    0.000000000   -0.000024640
    -0.000013416    0.000000000   -0.000000065    0.000524732   -0.000024656
    -0.000013430   -0.000000057    0.000000013    0.000434951   -0.000024656
    -0.000013430    0.000000057    0.000000013    0.000434951
    -0.226230895    0.646357234    0.168525684    0.000000000    0.751454156
    -0.000132411    0.000000000    0.360521745   -0.000083400   -0.003541215
     0.000000000   -0.000009524   -0.024108399    0.000000000   -0.415387876
    -0.037694120    0.000000000    0.012446947   -0.000001201   -0.011510510
    -0.012746728    0.000395803    0.007318096   -0.000000939   -0.011510510
    -0.012746728   -0.000395803    0.007318096   -0.000000939
     0.039039483   -0.337349973   -0.045705628    0.000000000   -0.322831967
     0.000048694    0.000000000   -0.185549565    0.000028240    0.007267535
     0.000000000    0.000004642    0.012844379    0.000000000    1.146159659
     0.238077603    0.000000000   -0.046558358    0.000002805   -0.038075042
    -0.014592180   -0.001918698   -0.001254366    0.000000578   -0.038075042
    -0.014592180    0.001918698   -0.001254366    0.000000578
    -0.226043611    0.645086344    0.167753852    0.650527227   -0.375801488
    -0.000132152    0.311739742   -0.180327072   -0.000083208   -0.003473485
    -0.000008439    0.000004956    0.012549148   -0.021468140   -0.010949014
    -0.012430039    0.006967612   -0.004121127   -0.000001020   -0.415188218
    -0.036876476    0.009852057   -0.005435349   -0.000001115   -0.011256497
    -0.012801623    0.006691973   -0.003966958   -0.000000947
     0.038955527   -0.336727403   -0.045392805   -0.279143302    0.161114626
     0.000048581   -0.160467642    0.092768383    0.000028167    0.007567907
     0.000004237   -0.000002422   -0.006690836    0.011559694   -0.038182840
    -0.014548090   -0.002109173   -0.001136028    0.000000632    1.146121029
     0.237408297   -0.039292837    0.022416888    0.000002692   -0.038112604
    -0.014556521   -0.000220540    0.002247774    0.000000591
    -0.226043611    0.645086344    0.167753852   -0.650527227   -0.375801488
    -0.000132152   -0.311739742   -0.180327072   -0.000083208   -0.003473485
     0.000008439    0.000004956    0.012549148    0.021468140   -0.010949014
    -0.012430039   -0.006967612   -0.004121127   -0.000001020   -0.011256497
    -0.012801623   -0.006691973   -0.003966958   -0.000000947   -0.415188218
    -0.036876476   -0.009852057   -0.005435349   -0.000001115
     0.038955527   -0.336727403   -0.045392805    0.279143302    0.161114626
     0.000048581    0.160467642    0.092768383    0.000028167    0.007567907
    -0.000004237   -0.000002422   -0.006690836   -0.011559694   -0.038182840
    -0.014548090    0.002109173   -0.001136028    0.000000632   -0.038112604
    -0.014556521    0.000220540    0.002247774    0.000000591    1.146121029
     0.237408297    0.039292837    0.022416888    0.000002692
    -0.111138881    0.610308430    0.259834786    0.000000000    0.032945902
    -0.000396624    0.000000000    0.012269792    0.000286927   -1.202538976
     0.000000000   -0.000015140   -0.060994911    0.000000000   -0.442726225
    -0.051834646    0.000000000    0.268703797   -0.000092798   -0.391722969
    -0.038231400    0.196774854   -0.103363022   -0.000083832   -0.391722969
    -0.038231400   -0.196774854   -0.103363022   -0.000083832
    -0.221365186    1.788886806   -4.755307542    0.000000000   -0.001238151
     0.000061941    0.000000000   -0.000250587    0.000352178    0.202856414
     0.000000000    0.000000215    0.000814704    0.000000000    0.358439988
     1.123448833    0.000000000   -0.031786298    0.000005181    0.357461549
     1.122609035   -0.025741484    0.014486751    0.000005134    0.357461549
     1.122609035    0.025741484    0.014486751    0.000005134
     0.000000000    0.000000000    0.000000000    0.836064208    0.000000000
     0.000000000   -2.252398150    0.000000000    0.000000000    0.000000000
     0.000005550    0.000000000    0.000000000    0.006160418    0.000000000
     0.000000000    0.034690023    0.000000000    0.000000000    0.327779259
     1.065382261    0.024730201    0.005532677    0.000001130   -0.327779259
    -1.065382261    0.024730201   -0.005532677   -0.000001130
    -0.000093183   -0.000022772   -0.000557212    0.000000000   -0.837145012
     0.000000335    0.000000000    2.250120344    0.000000165   -0.006132267
     0.000000000   -0.000005379   -0.006522124    0.000000000   -0.378995007
    -1.227828769    0.000000000   -0.023495936   -0.000001913    0.187571303
     0.614908122   -0.005040307   -0.029777360    0.000000220    0.187571303
     0.614908122    0.005040307   -0.029777360    0.000000220
    -0.000044509    0.000130282    0.000681040    0.000000000    0.000010388
     1.005061820    0.000000000    0.000003862   -1.062675387   -0.000396457
     0.000000000   -0.000076999   -0.000019860    0.000000000   -0.000200472
    -0.000224263    0.000000000    0.000083787    0.007430914   -0.000184025
    -0.000220185    0.000061315   -0.000032148    0.006742356   -0.000184025
    -0.000220185   -0.000061315   -0.000032148    0.006742356
     0.000000000    0.000000000    0.000000000   -0.382632927    0.000000000
     0.000000000   -0.549682902    0.000000000    0.000000000    0.000000000
     0.000075128    0.000000000    0.000000000    1.366387167    0.000000000
     0.000000000   -0.162092733    0.000000000    0.000000000    0.649250805
     0.206763412   -0.318626921    0.087544567    0.000083570   -0.649250805
    -0.206763412   -0.318626921   -0.087544567   -0.000083570
     0.000000000    0.000000000    0.000000000   -0.000137776    0.000000000
     0.000000000   -0.000275637    0.000000000    0.000000000    0.000000000
     1.068169057    0.000000000    0.000000000    0.000081538    0.000000000
     0.000000000    0.000056773    0.000000000    0.000000000    0.000235438
     0.000121825   -0.000109616    0.000092965   -0.153264182   -0.000235438
    -0.000121825   -0.000109616   -0.000092965    0.153264182
    -0.000000120    0.000000108   -0.000004503    0.000000000   -0.000146892
     0.001020740    0.000000000   -0.000281394    0.002500904   -0.000010977
     0.000000000    1.070005777    0.000084029    0.000000000    0.000274899
     0.000149736    0.000000000   -0.000177949   -0.187575839   -0.000140065
    -0.000071477    0.000098766    0.000000321    0.088291184   -0.000140065
    -0.000071477   -0.000098766    0.000000321    0.088291184
    -0.000689107    0.000301640   -0.005045614    0.000000000   -0.399589833
     0.000001693    0.000000000   -0.568596679   -0.000000436   -0.041567864
     0.000000000    0.000077864    1.370247430    0.000000000    0.751385683
     0.261073967    0.000000000   -0.394477674    0.000099751   -0.388713923
    -0.123260543    0.097149924   -0.209582808   -0.000051375   -0.388713923
    -0.123260543   -0.097149924   -0.209582808   -0.000051375
    -0.000045933    0.000470645   -0.001271495    0.000000000    0.000305631
     0.099436396    0.000000000   -0.000413350    0.242511885   -0.000116781
     0.000000000    0.184772218   -0.000158000    0.000000000   -0.000770981
     0.001723859    0.000000000    0.000252303   -1.091564161    0.000011825
     0.000064926    0.000006763    0.000009249   -0.016795571    0.000011825
     0.000064926   -0.000006763    0.000009249   -0.016795571
    -0.053155832    0.520006784   -1.318441755    0.000000000    0.354492480
    -0.000145017    0.000000000   -0.708274367   -0.000091276   -0.077821369
     0.000000000   -0.000184343   -0.133960909    0.000000000   -0.970331687
     2.245979552    0.000000000    0.526562949    0.000758727   -0.042613974
    -0.069427103    0.013230627    0.005641619    0.000008927   -0.042613974
    -0.069427103   -0.013230627    0.005641619    0.000008927
     0.000000000    0.000000000    0.000000000   -0.082585991    0.000000000
     0.000000000   -0.816010464    0.000000000    0.000000000    0.000000000
     0.000054519    0.000000000    0.000000000   -0.170106435    0.000000000
     0.000000000    1.136707106    0.000000000    0.000000000    0.158248058
     0.430589656    0.022403354    0.053653585   -0.000001636   -0.158248058
    -0.430589656    0.022403354   -0.053653585    0.000001636
     0.111978673   -0.676976362   -1.075128516    0.000000000   -0.738590221
     0.000132870    0.000000000   -0.737447735    0.000114425    0.201445096
     0.000000000    0.000109790    0.331776698    0.000000000    0.374882987
     1.664949722    0.000000000   -1.480388971    0.000234227    0.027517661
    -0.075575388   -0.003603178    0.018032484   -0.000001774    0.027517661
    -0.075575388    0.003603178    0.018032484   -0.000001774
    -0.000046969    0.000473797   -0.001241749    0.000268820   -0.000154962
     0.099142780   -0.000338656    0.000199211    0.244135157   -0.000124642
     0.168783861   -0.097231559    0.000085007   -0.000145566    0.000010748
     0.000066672    0.000011771    0.000001041   -0.018776967   -0.000765970
     0.001672231    0.000225712   -0.000134977   -1.093408433    0.000011706
     0.000070233    0.000005135   -0.000011284   -0.017398301
    -0.057213455    0.543980423   -1.281320095    0.330491151   -0.189401701
    -0.000148169   -0.585293014    0.349831884   -0.000092903   -0.090808643
    -0.000171054    0.000097386    0.080121479   -0.133065424   -0.044835293
    -0.073188783    0.010429756    0.010497241    0.000009877   -0.990661687
     2.192085331    0.491937643   -0.299275454    0.000736273   -0.041578365
    -0.061060374   -0.001531558   -0.014920533    0.000008963
     0.002110349   -0.010160042   -0.040100300   -0.052973002   -0.066346765
     0.000001912   -0.433421504   -0.698728766    0.000002482    0.007306828
     0.000031335    0.000047099   -0.156258308   -0.076763462    0.158086589
     0.433993742    0.061473284   -0.011872378   -0.000001242    0.001603799
     0.062083902    0.546225137    0.997988453    0.000009910   -0.157892930
    -0.438443174   -0.038275370    0.047219160    0.000001842
     0.112299975   -0.671920300   -1.125068715   -0.637763629    0.371090865
     0.000132125   -0.658207934    0.396653273    0.000115983    0.216965175
     0.000101283   -0.000058653   -0.177472941    0.308872120    0.022002400
    -0.083798096    0.014101361   -0.014689327   -0.000001798    0.370033420
     1.737836915   -1.289381185    0.718333476    0.000246342    0.030309799
    -0.070498602    0.019641473   -0.004630697   -0.000001115
    -0.000046969    0.000473797   -0.001241749   -0.000268820   -0.000154962
     0.099142780    0.000338656    0.000199211    0.244135157   -0.000124642
    -0.168783861   -0.097231559    0.000085007    0.000145566    0.000010748
     0.000066672   -0.000011771    0.000001041   -0.018776967    0.000011706
     0.000070233   -0.000005135   -0.000011284   -0.017398301   -0.000765970
     0.001672231   -0.000225712   -0.000134977   -1.093408433
    -0.057213455    0.543980423   -1.281320095   -0.330491151   -0.189401701
    -0.000148169    0.585293014    0.349831884   -0.000092903   -0.090808643
     0.000171054    0.000097386    0.080121479    0.133065424   -0.044835293
    -0.073188783   -0.010429756    0.010497241    0.000009877   -0.041578365
    -0.061060374    0.001531558   -0.014920533    0.000008963   -0.990661687
     2.192085331   -0.491937643   -0.299275454    0.000736273
     0.002110349   -0.010160042   -0.040100300    0.052973002   -0.066346765
     0.000001912    0.433421504   -0.698728766    0.000002482    0.007306828
    -0.000031335    0.000047099   -0.156258308    0.076763462    0.158086589
     0.433993742   -0.061473284   -0.011872378   -0.000001242   -0.157892930
    -0.438443174    0.038275370    0.047219160    0.000001842    0.001603799
     0.062083902   -0.546225137    0.997988453    0.000009910
     0.112299975   -0.671920300   -1.125068715    0.637763629    0.371090865
     0.000132125    0.658207934    0.396653273    0.000115983    0.216965175
    -0.000101283   -0.000058653   -0.177472941   -0.308872120    0.022002400
    -0.083798096   -0.014101361   -0.014689327   -0.000001798    0.030309799
    -0.070498602   -0.019641473   -0.004630697   -0.000001115    0.370033420
     1.737836915    1.289381185    0.718333476    0.000246342
 BETA  SPIN
     0.986717982    0.046947149   -0.023023748    0.000000000    0.000001907
     0.000000114    0.000000000    0.000000205    0.000000947    0.000045462
     0.000000000    0.000000000   -0.000000562    0.000000000    0.000858777
     0.003185338    0.000000000    0.000021179   -0.000000024    0.000859850
     0.003186713    0.000015308   -0.000008159   -0.000000022    0.000859850
     0.003186713   -0.000015308   -0.000008159   -0.000000022
    -0.228872674    0.663353720    0.154287369    0.000000000    0.753216775
    -0.000081501    0.000000000    0.355697219   -0.000027908   -0.023069515
     0.000000000   -0.000014385   -0.023668692    0.000000000   -0.419851655
    -0.031487818    0.000000000    0.016483725   -0.000001768   -0.017445317
    -0.010344086    0.003727743    0.005467219   -0.000002735   -0.017445317
    -0.010344086   -0.003727743    0.005467219   -0.000002735
     0.039235693   -0.336809320   -0.063454185    0.000000000   -0.324088873
     0.000048269    0.000000000   -0.196016204    0.000028247    0.007778234
     0.000000000    0.000003787    0.013635270    0.000000000    1.139894850
     0.267323629    0.000000000   -0.050704611    0.000010186   -0.038280274
    -0.015637699   -0.001825152   -0.001099298    0.000000636   -0.038280274
    -0.015637699    0.001825152   -0.001099298    0.000000636
    -0.228678811    0.662065044    0.153516721    0.651940083   -0.376454287
    -0.000081239    0.307550000   -0.177877608   -0.000027699   -0.023010052
    -0.000012621    0.000007356    0.012326344   -0.021131373   -0.016944844
    -0.010169637    0.006991458    0.000029168   -0.000002923   -0.419608927
    -0.030533480    0.013092796   -0.007250656   -0.000001658   -0.017168958
    -0.010395849    0.003388431   -0.005843926   -0.000002741
     0.039130355   -0.336040066   -0.063051363   -0.280092580    0.161674656
     0.000048130   -0.169456382    0.097990653    0.000028149    0.008078914
     0.000003441   -0.000001964   -0.007085395    0.012239211   -0.038406179
    -0.015594737   -0.001925118   -0.001135354    0.000000699    1.139770053
     0.266499088   -0.042634216    0.024293248    0.000010058   -0.038314733
    -0.015574944   -0.000123834    0.002100728    0.000000655
    -0.228678811    0.662065044    0.153516721   -0.651940083   -0.376454287
    -0.000081239   -0.307550000   -0.177877608   -0.000027699   -0.023010052
     0.000012621    0.000007356    0.012326344    0.021131373   -0.016944844
    -0.010169637   -0.006991458    0.000029168   -0.000002923   -0.017168958
    -0.010395849   -0.003388431   -0.005843926   -0.000002741   -0.419608927
    -0.030533480   -0.013092796   -0.007250656   -0.000001658
     0.039130355   -0.336040066   -0.063051363    0.280092580    0.161674656
     0.000048130    0.169456382    0.097990653    0.000028149    0.008078914
    -0.000003441   -0.000001964   -0.007085395   -0.012239211   -0.038406179
    -0.015594737    0.001925118   -0.001135354    0.000000699   -0.038314733
    -0.015574944    0.000123834    0.002100728    0.000000655    1.139770053
     0.266499088    0.042634216    0.024293248    0.000010058
    -0.000059541    0.000143405    0.000890296    0.000000000    0.000013452
     0.691772288    0.000000000    0.000004470    0.441560617   -0.000753539
     0.000000000   -0.000010982   -0.000019788    0.000000000   -0.000287676
    -0.000192133    0.000000000    0.000160811    0.001059630   -0.000270002
    -0.000185263    0.000122932   -0.000066735    0.000961443   -0.000270002
    -0.000185263   -0.000122932   -0.000066735    0.000961443
     0.045477766   -0.142752756   -1.361289019    0.000000000   -0.021919416
     0.000799781    0.000000000   -0.007305476    0.000073086    1.216531673
     0.000000000    0.000007783    0.032293780    0.000000000    0.493695951
     0.311651503    0.000000000   -0.260537702    0.000090871    0.464862555
     0.300458577   -0.199060560    0.108027761    0.000083689    0.464862555
     0.300458577    0.199060560    0.108027761    0.000083689
    -0.235964091    1.866841476   -4.565196511    0.000000000    0.001704573
     0.000032532    0.000000000    0.000256977    0.000317152   -0.085033235
     0.000000000   -0.000000071   -0.000739831    0.000000000    0.254528837
     1.081162267    0.000000000    0.028349208   -0.000015654    0.255640692
     1.082345771    0.021978727   -0.012126601   -0.000014399    0.255640692
     1.082345771   -0.021978727   -0.012126601   -0.000014399
     0.000000000    0.000000000    0.000000000    0.833740079    0.000000000
     0.000000000   -2.253481803    0.000000000    0.000000000    0.000000000
     0.000005547    0.000000000    0.000000000    0.006157628    0.000000000
     0.000000000    0.034674311    0.000000000    0.000000000    0.328467808
     1.065410049    0.024719000    0.005530171    0.000001130   -0.328467808
    -1.065410049    0.024719000   -0.005530171   -0.000001130
    -0.000422920    0.003090287   -0.001339510    0.000000000    0.834944107
    -0.000000498    0.000000000   -2.251125048   -0.000000147    0.002446952
     0.000000000    0.000005359    0.006260351    0.000000000    0.378533401
     1.228324360    0.000000000    0.024335566    0.000001618   -0.189004588
    -0.614391233    0.005640601    0.029455459   -0.000000470   -0.189004588
    -0.614391233   -0.005640601    0.029455459   -0.000000470
    -0.000023809   -0.000018292    0.001018158    0.000000000    0.000006373
     0.955123820    0.000000000    0.000002100   -1.099520744   -0.000379435
     0.000000000   -0.000076384   -0.000009844    0.000000000   -0.000212419
    -0.000304733    0.000000000    0.000076513    0.007371599   -0.000203776
    -0.000301643    0.000058561   -0.000031780    0.006688537   -0.000203776
    -0.000301643   -0.000058561   -0.000031780    0.006688537
     0.000000000    0.000000000    0.000000000   -0.382894766    0.000000000
     0.000000000   -0.549961643    0.000000000    0.000000000    0.000000000
     0.000075128    0.000000000    0.000000000    1.366397678    0.000000000
     0.000000000   -0.162094041    0.000000000    0.000000000    0.649366001
     0.206830695   -0.318629418    0.087545232    0.000083571   -0.649366001
    -0.206830695   -0.318629418   -0.087545232   -0.000083571
     0.000000000    0.000000000    0.000000000   -0.000132617    0.000000000
     0.000000000   -0.000273276    0.000000000    0.000000000    0.000000000
     1.068169056    0.000000000    0.000000000    0.000081377    0.000000000
     0.000000000    0.000056829    0.000000000    0.000000000    0.000233863
     0.000121775   -0.000109552    0.000092960   -0.153264182   -0.000233863
    -0.000121775   -0.000109552   -0.000092960    0.153264182
     0.000000803   -0.000005440   -0.000000615    0.000000000   -0.000141954
     0.000922500    0.000000000   -0.000279114    0.002417454   -0.000004574
     0.000000000    1.070005791    0.000084336    0.000000000    0.000275214
     0.000148702    0.000000000   -0.000179360   -0.187575920   -0.000137399
    -0.000072503    0.000097713    0.000000910    0.088291114   -0.000137399
    -0.000072503   -0.000097713    0.000000910    0.088291114
    -0.002928399    0.021437603   -0.010190691    0.000000000    0.400401598
    -0.000002841    0.000000000    0.569286550    0.000000677    0.016590462
     0.000000000   -0.000077937   -1.371237056    0.000000000   -0.759494788
    -0.257409063    0.000000000    0.400022695   -0.000101690    0.381710909
     0.127456998   -0.093008838    0.207371350    0.000049649    0.381710909
     0.127456998    0.093008838    0.207371350    0.000049649
    -0.067777789    0.607451806   -1.164560875    0.000000000    0.451412439
    -0.000085871    0.000000000   -0.603242355    0.000079050   -0.103790208
     0.000000000   -0.000056415   -0.176687094    0.000000000   -1.020256217
     2.004577511    0.000000000    0.717748213   -0.000110913   -0.045575154
    -0.058725396    0.013605103    0.003221145   -0.000003724   -0.045575154
    -0.058725396   -0.013605103    0.003221145   -0.000003724
     0.000000000    0.000000000    0.000000000   -0.082585991    0.000000000
     0.000000000   -0.816010464    0.000000000    0.000000000    0.000000000
     0.000054519    0.000000000    0.000000000   -0.170106435    0.000000000
     0.000000000    1.136707106    0.000000000    0.000000000    0.158248058
     0.430589656    0.022403354    0.053653585   -0.000001636   -0.158248058
    -0.430589656    0.022403354   -0.053653585    0.000001636
     0.103709104   -0.600059164   -1.239375370    0.000000000   -0.683076942
     0.000069763    0.000000000   -0.823156588   -0.000002383    0.189357368
     0.000000000    0.000005562    0.311098126    0.000000000    0.235542701
     1.945089117    0.000000000   -1.397588473    0.000798422    0.021918125
    -0.083973107   -0.001812129    0.018627598    0.000006588    0.021918125
    -0.083973107    0.001812129    0.018627598    0.000006588
     0.000049997   -0.000248448   -0.000913052    0.000000000   -0.000329982
     0.099436529    0.000000000   -0.000304953    0.242511916    0.000043190
     0.000000000    0.184772334    0.000109521    0.000000000    0.000106684
     0.001026384    0.000000000   -0.000891586   -1.091564152    0.000055944
     0.000073837   -0.000004381    0.000014749   -0.016795572    0.000055944
     0.000073837    0.000004381    0.000014749   -0.016795572
    -0.069798555    0.618807201   -1.146109725    0.402324822   -0.231342513
    -0.000089607   -0.506760616    0.301219841    0.000073860   -0.114714015
    -0.000057294    0.000031984    0.099433019   -0.167200353   -0.046507262
    -0.062564515    0.008876901    0.012076962   -0.000003792   -1.034990353
     1.980559144    0.635083234   -0.377054878   -0.000099891   -0.044647033
    -0.053225444   -0.003785510   -0.014255492   -0.000003759
     0.001611249   -0.007567247   -0.031404155   -0.050141707   -0.067998238
     0.000002228   -0.428641321   -0.701587021    0.000003858    0.006311369
     0.000032389    0.000046494   -0.155453240   -0.078171596    0.158059819
     0.434590691    0.061374962   -0.011813482   -0.000001392    0.001446878
     0.048200720    0.552226568    0.994673898   -0.000001074   -0.157966064
    -0.437928229   -0.038378208    0.047273300    0.000001700
     0.104885792   -0.604133869   -1.262022342   -0.594863510    0.345918219
     0.000056364   -0.721217345    0.428933682   -0.000038006    0.205344495
    -0.000017068    0.000009763   -0.168150778    0.291407093    0.017964933
    -0.088962641    0.015545098   -0.013472627    0.000010283    0.248292091
     1.972200213   -1.222419269    0.685503665    0.000966395    0.024809982
    -0.079284747    0.019129901   -0.006030779    0.000010071
     0.000065578   -0.000333775   -0.001136256   -0.000373915    0.000217600
     0.099142923   -0.000384199    0.000233562    0.244135189    0.000079578
     0.168783967   -0.097231620   -0.000085142    0.000148137    0.000054262
     0.000057454    0.000013869   -0.000015618   -0.018776966    0.000139398
     0.001368029   -0.000959279    0.000535175   -1.093408277    0.000060210
     0.000066316    0.000019379   -0.000004682   -0.017398301
    -0.069798555    0.618807201   -1.146109725   -0.402324822   -0.231342513
    -0.000089607    0.506760616    0.301219841    0.000073860   -0.114714015
     0.000057294    0.000031984    0.099433019    0.167200353   -0.046507262
    -0.062564515   -0.008876901    0.012076962   -0.000003792   -0.044647033
    -0.053225444    0.003785510   -0.014255492   -0.000003759   -1.034990353
     1.980559144   -0.635083234   -0.377054878   -0.000099891
     0.001611249   -0.007567247   -0.031404155    0.050141707   -0.067998238
     0.000002228    0.428641321   -0.701587021    0.000003858    0.006311369
    -0.000032389    0.000046494   -0.155453240    0.078171596    0.158059819
     0.434590691   -0.061374962   -0.011813482   -0.000001392   -0.157966064
    -0.437928229    0.038378208    0.047273300    0.000001700    0.001446878
     0.048200720   -0.552226568    0.994673898   -0.000001074
     0.104885792   -0.604133869   -1.262022342    0.594863510    0.345918219
     0.000056364    0.721217345    0.428933682   -0.000038006    0.205344495
     0.000017068    0.000009763   -0.168150778   -0.291407093    0.017964933
    -0.088962641   -0.015545098   -0.013472627    0.000010283    0.024809982
    -0.079284747   -0.019129901   -0.006030779    0.000010071    0.248292091
     1.972200213    1.222419269    0.685503665    0.000966395
     0.000065578   -0.000333775   -0.001136256    0.000373915    0.000217600
     0.099142923    0.000384199    0.000233562    0.244135189    0.000079578
    -0.168783967   -0.097231620   -0.000085142   -0.000148137    0.000054262
     0.000057454   -0.000013869   -0.000015618   -0.018776966    0.000060210
     0.000066316   -0.000019379   -0.000004682   -0.017398301    0.000139398
     0.001368029    0.000959279    0.000535175   -1.093408277
