 Methane DF-BP86/def2-SVP
 Basis set information needed for plotting orbitals
 ---------------------------------------------------------------------------
      4    15    27
 ---------------------------------------------------------------------------
    6   0.000000000   0.000000000   0.000061897
    1   0.000000000   1.098878593  -0.000123795
    1   0.951656777  -0.549439296  -0.000123795
    1  -0.951656777  -0.549439296  -0.000123795
 ---------------------------------------------------------------------------
      1     1     1     5
      1
      1     1     6     1
      1
      1     1     7     1
      1
      1     3     8     3
    101   102   103
      1     3    11     1
    101   102   103
      1     5    12     1
    255   252   253   254   251
      2     1    13     3
      1
      2     1    16     1
      1
      2     3    17     1
    101   102   103
      3     1    18     3
      1
      3     1    21     1
      1
      3     3    22     1
    101   102   103
      4     1    23     3
      1
      4     1    26     1
      1
      4     3    27     1
    101   102   103
 ---------------------------------------------------------------------------
     0.123840169E+04   0.186290050E+03   0.422511763E+02   0.116765579E+02
     0.359305065E+01   0.402451474E+00   0.130901827E+00   0.946809706E+01
     0.201035451E+01   0.547710047E+00   0.152686138E+00   0.800000000E+00
     0.130107010E+02   0.196225720E+01   0.444537960E+00   0.121949620E+00
     0.800000000E+00   0.130107010E+02   0.196225720E+01   0.444537960E+00
     0.121949620E+00   0.800000000E+00   0.130107010E+02   0.196225720E+01
     0.444537960E+00   0.121949620E+00   0.800000000E+00

     0.820895668E+00   0.147664499E+01   0.215261240E+01   0.210817224E+01
     0.829099993E+00   0.360118335E+00   0.155102705E+00   0.000000000E+00
     0.000000000E+00   0.000000000E+00   0.000000000E+00   0.000000000E+00
     0.163490381E+00   0.277351551E+00   0.315750145E+00   0.147077226E+00
     0.000000000E+00   0.163490381E+00   0.277351551E+00   0.315750145E+00
     0.147077226E+00   0.000000000E+00   0.163490381E+00   0.277351551E+00
     0.315750145E+00   0.147077226E+00   0.000000000E+00

     0.000000000E+00   0.000000000E+00   0.000000000E+00   0.000000000E+00
     0.000000000E+00   0.000000000E+00   0.000000000E+00   0.134676451E+01
     0.106780709E+01   0.510873571E+00   0.136047198E+00   0.000000000E+00
     0.000000000E+00   0.000000000E+00   0.000000000E+00   0.000000000E+00
     0.107845635E+01   0.000000000E+00   0.000000000E+00   0.000000000E+00
     0.000000000E+00   0.107845635E+01   0.000000000E+00   0.000000000E+00
     0.000000000E+00   0.000000000E+00   0.107845635E+01

     0.000000000E+00   0.000000000E+00   0.000000000E+00   0.000000000E+00
     0.000000000E+00   0.000000000E+00   0.000000000E+00   0.000000000E+00
     0.000000000E+00   0.000000000E+00   0.000000000E+00   0.556912464E+00
     0.000000000E+00   0.000000000E+00   0.000000000E+00   0.000000000E+00
     0.000000000E+00   0.000000000E+00   0.000000000E+00   0.000000000E+00
     0.000000000E+00   0.000000000E+00   0.000000000E+00   0.000000000E+00
     0.000000000E+00   0.000000000E+00   0.000000000E+00

     0.000000000E+00   0.000000000E+00   0.000000000E+00   0.000000000E+00
     0.000000000E+00   0.000000000E+00   0.000000000E+00   0.000000000E+00
     0.000000000E+00   0.000000000E+00   0.000000000E+00   0.000000000E+00
     0.000000000E+00   0.000000000E+00   0.000000000E+00   0.000000000E+00
     0.000000000E+00   0.000000000E+00   0.000000000E+00   0.000000000E+00
     0.000000000E+00   0.000000000E+00   0.000000000E+00   0.000000000E+00
     0.000000000E+00   0.000000000E+00   0.000000000E+00

     0.000000000E+00   0.000000000E+00   0.000000000E+00   0.000000000E+00
     0.000000000E+00   0.000000000E+00   0.000000000E+00   0.000000000E+00
     0.000000000E+00   0.000000000E+00   0.000000000E+00   0.000000000E+00
     0.000000000E+00   0.000000000E+00   0.000000000E+00   0.000000000E+00
     0.000000000E+00   0.000000000E+00   0.000000000E+00   0.000000000E+00
     0.000000000E+00   0.000000000E+00   0.000000000E+00   0.000000000E+00
     0.000000000E+00   0.000000000E+00   0.000000000E+00

     0.000000000E+00   0.000000000E+00   0.000000000E+00   0.000000000E+00
     0.000000000E+00   0.000000000E+00   0.000000000E+00   0.000000000E+00
     0.000000000E+00   0.000000000E+00   0.000000000E+00   0.000000000E+00
     0.000000000E+00   0.000000000E+00   0.000000000E+00   0.000000000E+00
     0.000000000E+00   0.000000000E+00   0.000000000E+00   0.000000000E+00
     0.000000000E+00   0.000000000E+00   0.000000000E+00   0.000000000E+00
     0.000000000E+00   0.000000000E+00   0.000000000E+00

     0.000000000E+00   0.000000000E+00   0.000000000E+00   0.000000000E+00
     0.000000000E+00   0.000000000E+00   0.000000000E+00   0.000000000E+00
     0.000000000E+00   0.000000000E+00   0.000000000E+00   0.000000000E+00
     0.000000000E+00   0.000000000E+00   0.000000000E+00   0.000000000E+00
     0.000000000E+00   0.000000000E+00   0.000000000E+00   0.000000000E+00
     0.000000000E+00   0.000000000E+00   0.000000000E+00   0.000000000E+00
     0.000000000E+00   0.000000000E+00   0.000000000E+00
