 Methane DF-BP86/def2-SVP                                                       
 NAOs in the AO basis:
 -------------------------------------------------------------------------------
     0.986717982    0.046947149   -0.023023748    0.000000000    0.000001907
     0.000000114    0.000000000    0.000000205    0.000000947    0.000045462
     0.000000000    0.000000000   -0.000000562    0.000000000    0.000858777
     0.003185338    0.000000000    0.000021179   -0.000000024    0.000859850
     0.003186713    0.000015308   -0.000008159   -0.000000022    0.000859850
     0.003186713   -0.000015308   -0.000008159   -0.000000022
    -0.392385341    1.125896758    0.259351987    0.000000000    0.000087792
    -0.000045769    0.000000000    0.000009449   -0.000011598    0.002093276
     0.000000000    0.000000004   -0.000025887    0.000000000   -0.248150364
    -0.028743435    0.000000000    0.000975179   -0.000001116   -0.248100940
    -0.028680108    0.000704870   -0.000375690   -0.000001010   -0.248100940
    -0.028680108   -0.000704870   -0.000375690   -0.000001010
    -0.233675594    1.855233963   -4.660641587    0.000000000    0.000662557
     0.000038598    0.000000000    0.000071310    0.000327743    0.015797671
     0.000000000    0.000000029   -0.000195363    0.000000000    0.291919777
     1.102914231    0.000000000    0.007359548   -0.000008425    0.292292773
     1.103392152    0.005319557   -0.002835279   -0.000007620    0.292292773
     1.103392152   -0.005319557   -0.002835279   -0.000007620
     0.000000000    0.000000000    0.000000000    0.883816520    0.000000000
     0.000000000    0.499699915    0.000000000    0.000000000    0.000000000
     0.000000802    0.000000000    0.000000000    0.000890104    0.000000000
     0.000000000    0.005012278    0.000000000    0.000000000   -0.280921790
    -0.046223952    0.003573207    0.000799403    0.000000163    0.280921790
     0.046223952    0.003573207   -0.000799403   -0.000000163
     0.000000000    0.000000000    0.000000000    0.864683466    0.000000000
     0.000000000   -2.237603357    0.000000000    0.000000000    0.000000000
     0.000005578    0.000000000    0.000000000    0.006191946    0.000000000
     0.000000000    0.034867562    0.000000000    0.000000000    0.318984520
     1.064449648    0.024856768    0.005560992    0.000001136   -0.318984520
    -1.064449648    0.024856768   -0.005560992   -0.000001136
    -0.000071405    0.000480403    0.000286002    0.000000000    0.883991353
    -0.000000099    0.000000000    0.500041104   -0.000000071   -0.000077954
     0.000000000    0.000000774    0.000893451    0.000000000   -0.324658171
    -0.053760948    0.000000000    0.003610173    0.000000202    0.162119947
     0.026685936    0.000885971    0.004219508   -0.000000097    0.162119947
     0.026685936   -0.000885971    0.004219508   -0.000000097
    -0.000496727    0.003341890    0.001989551    0.000000000    0.865899682
    -0.000000688    0.000000000   -2.235229904   -0.000000497   -0.000542284
     0.000000000    0.000005383    0.006215231    0.000000000    0.366400292
     1.226434531    0.000000000    0.025113918    0.000001408   -0.184655002
    -0.614570554    0.006163194    0.029352713   -0.000000672   -0.184655002
    -0.614570554   -0.006163194    0.029352713   -0.000000672
     0.000013616   -0.000075270    0.000022115    0.000000000   -0.000000059
     0.691772477    0.000000000   -0.000000023    0.441560792   -0.000000266
     0.000000000   -0.000010980    0.000000022    0.000000000    0.000046039
     0.000003087    0.000000000   -0.000000628    0.001059685    0.000045999
     0.000003032   -0.000000466    0.000000253    0.000961493    0.000045999
     0.000003032    0.000000466    0.000000253    0.000961493
    -0.000003975   -0.000079158    0.000592433    0.000000000   -0.000000413
     0.955124023    0.000000000   -0.000000159   -1.099520668   -0.000001852
     0.000000000   -0.000076383    0.000000155    0.000000000   -0.000055629
    -0.000207718    0.000000000   -0.000004366    0.007371627   -0.000055913
    -0.000208102   -0.000003241    0.000001762    0.006688562   -0.000055913
    -0.000208102    0.000003241    0.000001762    0.006688562
     0.000000000    0.000000000    0.000000000   -0.403699796    0.000000000
     0.000000000   -0.559681392    0.000000000    0.000000000    0.000000000
     0.000075125    0.000000000    0.000000000    1.366723992    0.000000000
     0.000000000   -0.162276546    0.000000000    0.000000000    0.655650890
     0.207100370   -0.318811737    0.087545280    0.000083588   -0.655650890
    -0.207100370   -0.318811737   -0.087545280   -0.000083588
     0.000000000    0.000000000    0.000000000   -0.000147409    0.000000000
     0.000000000   -0.000280254    0.000000000    0.000000000    0.000000000
     1.068169057    0.000000000    0.000000000    0.000081856    0.000000000
     0.000000000    0.000056670    0.000000000    0.000000000    0.000238429
     0.000122003   -0.000109739    0.000092976   -0.153264182   -0.000238429
    -0.000122003   -0.000109739   -0.000092976    0.153264182
     0.000000958   -0.000005953   -0.000007128    0.000000000   -0.000156694
     0.000922503    0.000000000   -0.000286061    0.002417455    0.000001271
     0.000000000    1.070005791    0.000084958    0.000000000    0.000282764
     0.000150472    0.000000000   -0.000180824   -0.187575919   -0.000137810
    -0.000071194    0.000096772    0.000001273    0.088291115   -0.000137810
    -0.000071194   -0.000096772    0.000001273    0.088291115
     0.003550035   -0.023457851   -0.015263106    0.000000000   -0.421109277
     0.000004283    0.000000000   -0.578971379    0.000001989    0.006283033
     0.000000000    0.000077971    1.371916736    0.000000000    0.775633954
     0.263585298    0.000000000   -0.405046835    0.000103361   -0.376616571
    -0.121983886    0.089249311   -0.205470123   -0.000048136   -0.376616571
    -0.121983886   -0.089249311   -0.205470123   -0.000048136
     0.078379469   -0.335476887   -0.987974187    0.000000000   -0.012295991
     0.000076618    0.000000000   -0.002072930    0.000115754    1.220147248
     0.000000000    0.000001215    0.006540805    0.000000000    0.466298600
     0.220277063    0.000000000   -0.254566100    0.000088000    0.457556214
     0.211727001   -0.202036208    0.112683827    0.000082515    0.457556214
     0.211727001    0.202036208    0.112683827    0.000082515
     0.035063319   -0.309956138   -0.038111322    0.000000000   -0.296507676
     0.000043464    0.000000000   -0.177000644    0.000025646    0.000443056
     0.000000000    0.000000145    0.001507834    0.000000000    1.119148651
     0.229627222    0.000000000    0.002836265   -0.000000359   -0.039519036
    -0.013665817   -0.001598838   -0.001654619    0.000000631   -0.039519036
    -0.013665817    0.001598838   -0.001654619    0.000000631
    -0.011214064    0.254702751   -1.609369436    0.000000000    0.078007591
    -0.000018173    0.000000000   -0.919085874    0.000129535   -0.003094901
     0.000000000   -0.000001013   -0.010532754    0.000000000   -0.786796525
     2.682790570    0.000000000   -0.019812305    0.000002510   -0.030179317
    -0.091254839    0.011168446    0.011558099   -0.000004408   -0.030179317
    -0.091254839   -0.011168446    0.011558099   -0.000004408
     0.000000000    0.000000000    0.000000000   -0.082585991    0.000000000
     0.000000000   -0.816010464    0.000000000    0.000000000    0.000000000
     0.000054519    0.000000000    0.000000000   -0.170106435    0.000000000
     0.000000000    1.136707106    0.000000000    0.000000000    0.158248058
     0.430589656    0.022403354    0.053653585   -0.000001636   -0.158248058
    -0.430589656    0.022403354   -0.053653585    0.000001636
    -0.124634092    0.825568251    0.552049023    0.000000000    0.825468954
    -0.000165418    0.000000000    0.451511283   -0.000113075   -0.216054021
     0.000000000   -0.000146627   -0.357872995    0.000000000   -0.724031009
    -0.789348923    0.000000000    1.571810170   -0.000076855   -0.039374288
     0.047227977    0.008026417   -0.014907865    0.000002889   -0.039374288
     0.047227977   -0.008026417   -0.014907865    0.000002889
     0.000024376   -0.000197890    0.000166809    0.000000000   -0.000160702
    -0.099436454    0.000000000   -0.000203832   -0.242511868    0.000090729
     0.000000000   -0.184772285    0.000110939    0.000000000    0.000131107
     0.000133487    0.000000000   -0.000093364    1.091564447   -0.000038355
    -0.000125907    0.000002195   -0.000002538    0.016795573   -0.000038355
    -0.000125907   -0.000002195   -0.000002538    0.016795573
     0.035090809   -0.310155487   -0.038099504   -0.257072109    0.148326091
     0.000043494   -0.153348911    0.088475044    0.000025641    0.000465571
     0.000000155   -0.000000085   -0.000775776    0.001388461   -0.039492412
    -0.013644268   -0.002296984   -0.000581049    0.000000688    1.119384524
     0.229652805    0.002081193   -0.001117187   -0.000000311   -0.039566226
    -0.013750155   -0.000748552    0.002111883    0.000000626
    -0.011397723    0.255942188   -1.608634882    0.069520630   -0.039477560
    -0.000018365   -0.795125562    0.459491780    0.000129507   -0.003250485
    -0.000001079    0.000000593    0.005416248   -0.009693849   -0.030352708
    -0.091359797    0.016036902    0.004056718   -0.000004806   -0.787960870
     2.681262041   -0.014530308    0.007799885    0.000002169   -0.029837354
    -0.090620525    0.005226182   -0.014744576   -0.000004370
    -0.109123484    0.720624648    0.488286001    0.602837013   -0.397614642
    -0.000144630    0.139487012   -0.557047593   -0.000099082   -0.201230254
    -0.000104428    0.000092089    0.092540287   -0.330567589    0.046739143
     0.258646825    0.022160218    0.009419417    0.000002120   -0.642524897
    -0.691187897    1.470673637   -0.186727133   -0.000068844   -0.114396569
    -0.177446914   -0.035230283    0.022202756    0.000002930
     0.064322969   -0.424119831   -0.289222886   -0.402942144    0.149280802
     0.000085054   -0.560546670   -0.497274075    0.000058057    0.122173519
     0.000096312    0.000001319   -0.231913526    0.098812102    0.155814383
     0.354273853    0.057771169   -0.019044482   -0.000002669    0.381037497
     0.407293360   -0.203263247    1.251847897    0.000041947   -0.116137255
    -0.401564648   -0.024168980    0.041999314    0.000000418
     0.000024553   -0.000198751    0.000170010   -0.000137927    0.000080183
    -0.099142838   -0.000176261    0.000102735   -0.244135142    0.000095110
    -0.168783921    0.097231593   -0.000057760    0.000100300   -0.000037629
    -0.000128066   -0.000001872    0.000003923    0.018776969    0.000131897
     0.000132142   -0.000079670    0.000044594    1.093408706   -0.000037100
    -0.000126833   -0.000003390    0.000000444    0.017398303
     0.035090809   -0.310155487   -0.038099504    0.257072109    0.148326091
     0.000043494    0.153348911    0.088475044    0.000025641    0.000465571
    -0.000000155   -0.000000085   -0.000775776   -0.001388461   -0.039492412
    -0.013644268    0.002296984   -0.000581049    0.000000688   -0.039566226
    -0.013750155    0.000748552    0.002111883    0.000000626    1.119384524
     0.229652805   -0.002081193   -0.001117187   -0.000000311
    -0.011397723    0.255942188   -1.608634882   -0.069520630   -0.039477560
    -0.000018365    0.795125562    0.459491780    0.000129507   -0.003250485
     0.000001079    0.000000593    0.005416248    0.009693849   -0.030352708
    -0.091359797   -0.016036902    0.004056718   -0.000004806   -0.029837354
    -0.090620525   -0.005226182   -0.014744576   -0.000004370   -0.787960870
     2.681262041    0.014530308    0.007799885    0.000002169
     0.109123484   -0.720624648   -0.488286001    0.602837013    0.397614642
     0.000144630    0.139487012    0.557047593    0.000099082    0.201230254
    -0.000104428   -0.000092089   -0.092540287   -0.330567589   -0.046739143
    -0.258646825    0.022160218   -0.009419417   -0.000002120    0.114396569
     0.177446914   -0.035230283   -0.022202756   -0.000002930    0.642524897
     0.691187897    1.470673637    0.186727133    0.000068844
     0.064322969   -0.424119831   -0.289222886    0.402942144    0.149280802
     0.000085054    0.560546670   -0.497274075    0.000058057    0.122173519
    -0.000096312    0.000001319   -0.231913526   -0.098812102    0.155814383
     0.354273853   -0.057771169   -0.019044482   -0.000002669   -0.116137255
    -0.401564648    0.024168980    0.041999314    0.000000418    0.381037497
     0.407293360    0.203263247    1.251847897    0.000041947
     0.000024553   -0.000198751    0.000170010    0.000137927    0.000080183
    -0.099142838    0.000176261    0.000102735   -0.244135142    0.000095110
     0.168783921    0.097231593   -0.000057760   -0.000100300   -0.000037629
    -0.000128066    0.000001872    0.000003923    0.018776969   -0.000037100
    -0.000126833    0.000003390    0.000000444    0.017398303    0.000131897
     0.000132142    0.000079670    0.000044594    1.093408706
    1   1   1   1   1   1   1   1   1   1   1   1   1   1   2   2   2   2   2   3
    3   3   3   3   4   4   4   4   4
   51  51  51 151 151 152 152 153 153 251 252 253 254 255  51  51 151 152 153  51
   51 151 152 153  51  51 151 152 153
    1   1   0   1   0   1   0   1   0   0   0   0   0   0   1   0   0   0   0   1
    0   0   0   0   1   0   0   0   0
 Methane DF-BP86/def2-SVP                                                       
 PNAO overlap matrix:
 -------------------------------------------------------------------------------
     1.000000000    0.000000000    1.000000000    0.000000000    0.000000000
     1.000000000    0.000000000    0.000000000    0.000000000    1.000000000
     0.000000000    0.000000000    0.000000000    0.000000000    1.000000000
     0.000000000    0.000000000    0.000000000    0.000000000    0.000000000
     1.000000000    0.000000000    0.000000000    0.000000000    0.000000000
     0.000000000    0.000000000    1.000000000    0.000000000    0.000000000
     0.000000000    0.000000000    0.000000000    0.000000000    0.000000000
     1.000000000    0.000000000    0.000000000    0.000000000    0.000000000
     0.000000000    0.000000000    0.000000000    0.000000000    1.000000000
     0.000000000    0.000000000    0.000000000    0.000000000    0.000000000
     0.000000000    0.000000000    0.000000000    0.000000000    1.000000000
     0.000000000    0.000000000    0.000000000    0.000000000    0.000000000
     0.000000000    0.000000000    0.000000000    0.000000000    0.000000000
     1.000000000    0.000000000    0.000000000    0.000000000    0.000000000
     0.000000000    0.000000000    0.000000000    0.000000000    0.000000000
     0.000000000    0.000000000    1.000000000    0.000000000    0.000000000
     0.000000000    0.000000000    0.000000000    0.000000000    0.000000000
     0.000000000    0.000000000    0.000000000    0.000000000    0.000000000
     1.000000000    0.000000000    0.000000000    0.000000000    0.000000000
     0.000000000    0.000000000    0.000000000    0.000000000    0.000000000
     0.000000000    0.000000000    0.000000000    0.000000000    1.000000000
     0.080872105    0.565649545   -0.239104898    0.000000000    0.000000000
     0.546071846   -0.248504204   -0.000092277    0.000041993    0.000000000
     0.000000000   -0.000064940   -0.192150295   -0.110938018    1.000000000
     0.059508807    0.365368563   -0.337023334    0.000000000    0.000000000
    -0.091824888   -0.222720318    0.000015517    0.000037636    0.000000000
     0.000000000    0.000085969    0.254370199    0.146860695    0.000000000
     1.000000000    0.000000000    0.000000000    0.000000000    0.267247266
    -0.061631685    0.000000000    0.000000000    0.000000000    0.000000000
     0.330971620   -0.000055929    0.000000000    0.000000000    0.000000000
     0.000000000    0.000000000    1.000000000   -0.092346061   -0.273956854
    -0.280206151    0.000000000    0.000000000   -0.239717932   -0.396331515
     0.000085669    0.000056559    0.000000000    0.000000000    0.000137011
     0.239912345    0.138513438    0.000000000    0.000000000    0.000000000
     1.000000000    0.000015605    0.000046294    0.000047350    0.000000000
     0.000000000    0.000085669    0.000056559    0.267247251   -0.061631695
     0.000000000    0.000000000    0.330971588   -0.000096470   -0.000120278
     0.000000000    0.000000000    0.000000000    0.000000000    1.000000000
     0.080872105    0.565649545   -0.239104898    0.472912091   -0.215210954
    -0.273035923    0.124252102   -0.000092277    0.000041993   -0.166407037
    -0.000056240    0.000032470    0.096075148   -0.110938018    0.201525331
     0.287782915    0.039630012   -0.068641195    0.000000000    1.000000000
     0.059508807    0.365368563   -0.337023334   -0.079522685   -0.192881454
     0.045912444    0.111360159    0.000015517    0.000037636    0.220291055
     0.000074451   -0.000042984   -0.127185100    0.146860695    0.287782915
     0.229884889    0.052673954   -0.091233964    0.000000000    0.000000000
     1.000000000   -0.079974035   -0.237253595   -0.242665645   -0.112976632
    -0.312656558    0.219522370    0.144929278    0.000074191    0.000048981
     0.262677164    0.000088776   -0.000083545    0.039429823    0.119956156
    -0.039630012   -0.052673954   -0.008981591    0.025357164    0.000000000
     0.000000000    0.000000000    1.000000000    0.046173030    0.136978427
     0.140103076    0.219522370    0.144929278    0.140505966   -0.145306643
    -0.000042834   -0.000028279    0.039429823   -0.000083545   -0.000007694
     0.308206801   -0.069256719    0.068641195    0.091233964    0.025357164
    -0.038261522    0.000000000    0.000000000    0.000000000    0.000000000
     1.000000000    0.000015605    0.000046294    0.000047350    0.000074191
     0.000048981   -0.000042834   -0.000028279    0.267247251   -0.061631695
    -0.000083545    0.286629803   -0.165485794    0.000048235   -0.000120278
     0.000000000    0.000000000    0.000000000    0.000000000    0.005658375
     0.000000000    0.000000000    0.000000000    0.000000000    1.000000000
     0.080872105    0.565649545   -0.239104898   -0.472912091    0.215210954
    -0.273035923    0.124252102   -0.000092277    0.000041993    0.166407037
     0.000056240    0.000032470    0.096075148   -0.110938018    0.201525331
     0.287782915   -0.039630012   -0.068641195    0.000000000    0.201525331
     0.287782915   -0.079260024    0.000000000    0.000000000    1.000000000
     0.059508807    0.365368563   -0.337023334    0.079522685    0.192881454
     0.045912444    0.111360159    0.000015517    0.000037636   -0.220291055
    -0.000074451   -0.000042984   -0.127185100    0.146860695    0.287782915
     0.229884889   -0.052673954   -0.091233964    0.000000000    0.287782915
     0.229884889   -0.105347908    0.000000000    0.000000000    0.000000000
     1.000000000    0.079974035    0.237253595    0.242665645   -0.112976632
    -0.312656558   -0.219522370   -0.144929278   -0.000074191   -0.000048981
     0.262677164    0.000088776    0.000083545   -0.039429823   -0.119956156
     0.039630012    0.052673954   -0.008981591   -0.025357164    0.000000000
     0.079260024    0.105347908   -0.052901487    0.000000000    0.000000000
     0.000000000    0.000000000    1.000000000    0.046173030    0.136978427
     0.140103076   -0.219522370   -0.144929278    0.140505966   -0.145306643
    -0.000042834   -0.000028279   -0.039429823    0.000083545   -0.000007694
     0.308206801   -0.069256719    0.068641195    0.091233964   -0.025357164
    -0.038261522    0.000000000    0.000000000    0.000000000    0.000000000
     0.005658375    0.000000000    0.000000000    0.000000000    0.000000000
     1.000000000    0.000015605    0.000046294    0.000047350   -0.000074191
    -0.000048981   -0.000042834   -0.000028279    0.267247251   -0.061631695
     0.000083545   -0.286629803   -0.165485794    0.000048235   -0.000120278
     0.000000000    0.000000000    0.000000000    0.000000000    0.005658375
     0.000000000    0.000000000    0.000000000    0.000000000    0.005658375
     0.000000000    0.000000000    0.000000000    0.000000000    1.000000000
