 Methane DF-BP86/def2-SVP                                                       
 MOs in the AO basis:
 -------------------------------------------------------------------------------
 ALPHA SPIN
     0.987795750    0.050047385   -0.032483186    0.000000000    0.000000000
    -0.000001443    0.000000000    0.000000000    0.000001533   -0.002596007
     0.000000000    0.000000000    0.000000000    0.000000000   -0.004624325
     0.007403864    0.000000000    0.003147441   -0.000000728   -0.004624325
     0.007403864    0.002725764   -0.001573720   -0.000000728   -0.004624325
     0.007403864   -0.002725764   -0.001573720   -0.000000728
    -0.260915867    0.519317571    0.222917046    0.000000000    0.000000000
    -0.000031653    0.000000000    0.000000000   -0.000005619    0.005550678
     0.000000000    0.000000000    0.000000000    0.000000000    0.184408975
     0.023239673    0.000000000   -0.020436297    0.000001748    0.184408975
     0.023239673   -0.017698352    0.010218148    0.000001748    0.184408975
     0.023239673    0.017698352    0.010218148    0.000001748
     0.000000000    0.000000000    0.000000000    0.452642860    0.000000000
     0.000000000    0.175901788    0.000000000    0.000000000    0.000000000
    -0.000005720    0.000000000    0.000000000   -0.015813192    0.000000000
     0.000000000    0.012640301    0.000000000    0.000000000    0.316262998
     0.120599431   -0.004290450    0.009774974    0.000001624   -0.316262998
    -0.120599431   -0.004290450   -0.009774974   -0.000001624
     0.000000000    0.000000000    0.000000000    0.000000000    0.452642860
     0.000000000    0.000000000    0.175901788    0.000000000    0.000000000
     0.000000000   -0.000005720   -0.015813192    0.000000000    0.365189054
     0.139256228    0.000000000   -0.009934034    0.000001876   -0.182594527
    -0.069628114    0.009774974    0.006996717   -0.000000938   -0.182594527
    -0.069628114   -0.009774974    0.006996717   -0.000000938
    -0.000044367    0.000104546    0.000152614    0.000000000    0.000000000
     0.611962995    0.000000000    0.000000000    0.512136519    0.000002920
     0.000000000    0.000000000    0.000000000    0.000000000   -0.000048497
    -0.000033703    0.000000000    0.000002560    0.018563297   -0.000048497
    -0.000033703    0.000002217   -0.000001280    0.018563297   -0.000048497
    -0.000033703   -0.000002217   -0.000001280    0.018563297
    -0.171306410    0.382093959    2.230605232    0.000000000    0.000000000
    -0.000092971    0.000000000    0.000000000   -0.000275209    0.018922283
     0.000000000    0.000000000    0.000000000    0.000000000   -0.104637514
    -1.118700577    0.000000000   -0.014409055    0.000000056   -0.104637514
    -1.118700577   -0.012478607    0.007204527    0.000000056   -0.104637514
    -1.118700577    0.012478607    0.007204527    0.000000056
     0.000000000    0.000000000    0.000000000    0.000000000   -0.411739561
     0.000000000    0.000000000   -1.229518299    0.000000000    0.000000000
     0.000000000   -0.000004874   -0.018712196    0.000000000    0.129955707
     1.859965149    0.000000000    0.014744506   -0.000006233   -0.064977853
    -0.929982574   -0.014264263   -0.009961922    0.000003117   -0.064977853
    -0.929982574    0.014264263   -0.009961922    0.000003117
     0.000000000    0.000000000    0.000000000   -0.411739561    0.000000000
     0.000000000   -1.229518299    0.000000000    0.000000000    0.000000000
    -0.000004874    0.000000000    0.000000000   -0.018712196    0.000000000
     0.000000000   -0.018197398    0.000000000    0.000000000    0.112544943
     1.610777069    0.006509030   -0.014264263   -0.000005398   -0.112544943
    -1.610777069    0.006509030    0.014264263    0.000005398
     0.000000000    0.000000000    0.000000000    0.000000000   -0.303291895
     0.000000000    0.000000000    1.395841912    0.000000000    0.000000000
     0.000000000    0.000028840    0.093397763    0.000000000   -0.829526035
    -0.096847900    0.000000000    0.012189648    0.000010833    0.414763017
     0.048423950    0.031483943    0.066721437   -0.000005416    0.414763017
     0.048423950   -0.031483943    0.066721437   -0.000005416
     0.000000000    0.000000000    0.000000000   -0.303291895    0.000000000
     0.000000000    1.395841912    0.000000000    0.000000000    0.000000000
     0.000028840    0.000000000    0.000000000    0.093397763    0.000000000
     0.000000000    0.084898700    0.000000000    0.000000000   -0.718390619
    -0.083872742    0.030366911    0.031483943    0.000009381    0.718390619
     0.083872742    0.030366911   -0.031483943   -0.000009381
     0.069316448   -0.876137778    2.497621197    0.000000000    0.000000000
    -0.000285705    0.000000000    0.000000000   -0.000001159    0.114575022
     0.000000000    0.000000000    0.000000000    0.000000000   -0.648390466
    -0.275113035    0.000000000   -0.025590115   -0.000027845   -0.648390466
    -0.275113035   -0.022161689    0.012795057   -0.000027845   -0.648390466
    -0.275113035    0.022161689    0.012795057   -0.000027845
     0.000056150   -0.000173463   -0.000134533    0.000000000    0.000000000
    -1.000145140    0.000000000    0.000000000    1.073018403   -0.000042217
     0.000000000    0.000000000    0.000000000    0.000000000    0.000250767
    -0.000046505    0.000000000    0.000001434   -0.022876197    0.000250767
    -0.000046505    0.000001242   -0.000000717   -0.022876197    0.000250767
    -0.000046505   -0.000001242   -0.000000717   -0.022876197
     0.296208872   -1.845048901    4.313944911    0.000000000    0.000000000
     0.000270877    0.000000000    0.000000000   -0.000484782   -0.090964117
     0.000000000    0.000000000    0.000000000    0.000000000    0.398214360
    -1.439250378    0.000000000    0.092476427   -0.000006551    0.398214360
    -1.439250378    0.080086935   -0.046238214   -0.000006551    0.398214360
    -1.439250378   -0.080086935   -0.046238214   -0.000006551
     0.000000000    0.000000000    0.000000000    0.000000000    0.928712003
     0.000000000    0.000000000   -1.680426387    0.000000000    0.000000000
     0.000000000    0.000045455    0.135482111    0.000000000   -0.575187668
     1.845153606    0.000000000   -0.160515359    0.000036449    0.287593834
    -0.922576803    0.093544181    0.001507915   -0.000018225    0.287593834
    -0.922576803   -0.093544181    0.001507915   -0.000018225
     0.000000000    0.000000000    0.000000000   -0.928712003    0.000000000
     0.000000000    1.680426387    0.000000000    0.000000000    0.000000000
    -0.000045455    0.000000000    0.000000000   -0.135482111    0.000000000
     0.000000000   -0.055515673    0.000000000    0.000000000    0.498127133
    -1.597949897    0.106507601   -0.093544181   -0.000031566   -0.498127133
     1.597949897    0.106507601    0.093544181    0.000031566
     0.000000000    0.000000000    0.000000000    0.000000000    0.000005394
     0.000000000    0.000000000    0.000173047    0.000000000    0.000000000
     0.000000000    0.444530079   -0.000154494    0.000000000   -0.000072417
    -0.000068423    0.000000000    0.000084442    0.600277852    0.000036208
     0.000034211   -0.000130975   -0.000142414   -0.300138926    0.000036208
     0.000034211    0.000130975   -0.000142414   -0.300138926
     0.000000000    0.000000000    0.000000000    0.000005394    0.000000000
     0.000000000    0.000173047    0.000000000    0.000000000    0.000000000
     0.444530079    0.000000000    0.000000000   -0.000154494    0.000000000
     0.000000000   -0.000218032    0.000000000    0.000000000   -0.000062715
    -0.000059256    0.000008824   -0.000130975    0.519855869    0.000062715
     0.000059256    0.000008824    0.000130975   -0.519855869
     0.000000000    0.000000000    0.000000000    0.000000000    0.000000000
     0.000000000    0.000000000    0.000000000    0.000000000    0.000000000
     0.000000000    0.000000000    0.000000000    0.000000000    0.000000000
     0.000000000    0.587708313    0.000000000    0.000000000    0.000000000
     0.000000000   -0.293854157   -0.508970329    0.000000000    0.000000000
     0.000000000   -0.293854157    0.508970329    0.000000000
     0.000000000    0.000000000    0.000000000    0.000000000   -0.175476095
     0.000000000    0.000000000    1.078503567    0.000000000    0.000000000
     0.000000000   -0.000042172   -0.336156986    0.000000000   -0.493177289
    -0.336773057    0.000000000   -0.332786011   -0.000257241    0.246588645
     0.168386529   -0.133916559   -0.564736295    0.000128621    0.246588645
     0.168386529    0.133916559   -0.564736295    0.000128621
     0.000000000    0.000000000    0.000000000   -0.175476095    0.000000000
     0.000000000    1.078503567    0.000000000    0.000000000    0.000000000
    -0.000042172    0.000000000    0.000000000   -0.336156986    0.000000000
     0.000000000   -0.642053056    0.000000000    0.000000000   -0.427104061
    -0.291654023   -0.410102772   -0.133916559   -0.000222778    0.427104061
     0.291654023   -0.410102772    0.133916559    0.000222778
     0.000142471   -0.001311864    0.001633551    0.000000000    0.000000000
    -0.213468354    0.000000000    0.000000000   -0.410232329   -0.001299682
     0.000000000    0.000000000    0.000000000    0.000000000   -0.000397789
    -0.000156764    0.000000000   -0.000466683    0.650694683   -0.000397789
    -0.000156764   -0.000404159    0.000233341    0.650694683   -0.000397789
    -0.000156764    0.000404159    0.000233341    0.650694683
    -0.082779594    0.700933766   -0.540968397    0.000000000    0.000000000
    -0.000486462    0.000000000    0.000000000   -0.000658078    0.755463663
     0.000000000    0.000000000    0.000000000    0.000000000    0.155718468
    -0.013780041    0.000000000    0.350247137    0.001135573    0.155718468
    -0.013780041    0.303322918   -0.175123569    0.001135573    0.155718468
    -0.013780041   -0.303322918   -0.175123569    0.001135573
     0.000000000    0.000000000    0.000000000    0.009952149    0.000000000
     0.000000000    0.010176419    0.000000000    0.000000000    0.000000000
     1.000070362    0.000000000    0.000000000    0.004981040    0.000000000
     0.000000000   -0.009736413    0.000000000    0.000000000   -0.003154604
    -0.008677837    0.005303665   -0.008683393   -0.576256666    0.003154604
     0.008677837    0.005303665    0.008683393    0.576256666
     0.000000000    0.000000000    0.000000000    0.000000000    0.009952149
     0.000000000    0.000000000    0.010176419    0.000000000    0.000000000
     0.000000000    1.000070362    0.004981040    0.000000000   -0.003642622
    -0.010020303    0.000000000    0.010317024   -0.665403882    0.001821311
     0.005010152   -0.008683393   -0.004723054    0.332701941    0.001821311
     0.005010152    0.008683393   -0.004723054    0.332701941
     0.000000000    0.000000000    0.000000000    0.686298293    0.000000000
     0.000000000    0.719387740    0.000000000    0.000000000    0.000000000
    -0.014607804    0.000000000    0.000000000    0.350364504    0.000000000
     0.000000000   -0.685312088    0.000000000    0.000000000   -0.228412717
    -0.602903273    0.366474524   -0.607249284    0.008195305    0.228412717
     0.602903273    0.366474524    0.607249284   -0.008195305
     0.000000000    0.000000000    0.000000000    0.000000000    0.686298293
     0.000000000    0.000000000    0.719387740    0.000000000    0.000000000
     0.000000000   -0.014607804    0.350364504    0.000000000   -0.263748287
    -0.696172734    0.000000000    0.717070062    0.009463123    0.131874144
     0.348086367   -0.607249284   -0.334716551   -0.004731562    0.131874144
     0.348086367    0.607249284   -0.334716551   -0.004731562
    -0.259770852    1.519142204    1.147700984    0.000000000    0.000000000
    -0.000277123    0.000000000    0.000000000   -0.000122952   -1.026683575
     0.000000000    0.000000000    0.000000000    0.000000000   -0.730843813
    -0.355115652    0.000000000    0.890161911   -0.000209158   -0.730843813
    -0.355115652    0.770902829   -0.445080956   -0.000209158   -0.730843813
    -0.355115652   -0.770902829   -0.445080956   -0.000209158
     0.000000000    0.000000000    0.000000000   -1.030139786    0.000000000
     0.000000000   -0.467812276    0.000000000    0.000000000    0.000000000
     0.000304979    0.000000000    0.000000000    1.368107730    0.000000000
     0.000000000   -0.299496721    0.000000000    0.000000000    0.863767560
     0.274976464   -0.870480395    0.329657578    0.000173145   -0.863767560
    -0.274976464   -0.870480395   -0.329657578   -0.000173145
     0.000000000    0.000000000    0.000000000    0.000000000   -1.030139786
     0.000000000    0.000000000   -0.467812276    0.000000000    0.000000000
     0.000000000    0.000304979    1.368107730    0.000000000    0.997392866
     0.317515471    0.000000000   -1.060808287    0.000199930   -0.498696433
    -0.158757735    0.329657578   -0.489824612   -0.000099965   -0.498696433
    -0.158757735   -0.329657578   -0.489824612   -0.000099965
 BETA  SPIN
     0.988305113    0.047812237   -0.030185000    0.000000000    0.000000000
    -0.000001824    0.000000000    0.000000000    0.000001527   -0.003415513
     0.000000000    0.000000000    0.000000000    0.000000000   -0.004591291
     0.006880028    0.000000000    0.003029321   -0.000000727   -0.004591291
     0.006880028    0.002623469   -0.001514661   -0.000000727   -0.004591291
     0.006880028   -0.002623469   -0.001514661   -0.000000727
    -0.250367032    0.489229045    0.173190388    0.000000000    0.000000000
    -0.000051953    0.000000000    0.000000000   -0.000008264   -0.018146963
     0.000000000    0.000000000    0.000000000    0.000000000    0.203557426
     0.043233859    0.000000000   -0.020407381    0.000002185    0.203557426
     0.043233859   -0.017673310    0.010203690    0.000002185    0.203557426
     0.043233859    0.017673310    0.010203690    0.000002185
     0.000000000    0.000000000    0.000000000    0.000000000    0.434610191
     0.000000000    0.000000000    0.151840423    0.000000000    0.000000000
     0.000000000   -0.000010353   -0.015098420    0.000000000    0.383202013
     0.162016487    0.000000000   -0.011120760    0.000004959   -0.191601006
    -0.081008244    0.010987630    0.007910372   -0.000002480   -0.191601006
    -0.081008244   -0.010987630    0.007910372   -0.000002480
     0.000000000    0.000000000    0.000000000    0.434610191    0.000000000
     0.000000000    0.151840423    0.000000000    0.000000000    0.000000000
    -0.000010353    0.000000000    0.000000000   -0.015098420    0.000000000
     0.000000000    0.014254083    0.000000000    0.000000000    0.331862678
     0.140310394   -0.004777049    0.010987630    0.000004295   -0.331862678
    -0.140310394   -0.004777049   -0.010987630   -0.000004295
    -0.000047468    0.000099788    0.000169972    0.000000000    0.000000000
     0.539675732    0.000000000    0.000000000    0.576226863   -0.000014759
     0.000000000    0.000000000    0.000000000    0.000000000   -0.000039795
    -0.000030843    0.000000000    0.000004141    0.027826581   -0.000039795
    -0.000030843    0.000003586   -0.000002070    0.027826581   -0.000039795
    -0.000030843   -0.000003586   -0.000002070    0.027826581
    -0.171732390    0.358318837    2.315322085    0.000000000    0.000000000
    -0.000087419    0.000000000    0.000000000   -0.000273676   -0.005751000
     0.000000000    0.000000000    0.000000000    0.000000000   -0.077561509
    -1.152424925    0.000000000   -0.015286730   -0.000000135   -0.077561509
    -1.152424925   -0.013238696    0.007643365   -0.000000135   -0.077561509
    -1.152424925    0.013238696    0.007643365   -0.000000135
     0.000000000    0.000000000    0.000000000    0.000000000   -0.406260501
     0.000000000    0.000000000   -1.243587388    0.000000000    0.000000000
     0.000000000    0.000002427   -0.017321639    0.000000000    0.109643384
     1.875892742    0.000000000    0.017137236   -0.000005980   -0.054821692
    -0.937946371   -0.015883834   -0.010374372    0.000002990   -0.054821692
    -0.937946371    0.015883834   -0.010374372    0.000002990
     0.000000000    0.000000000    0.000000000   -0.406260501    0.000000000
     0.000000000   -1.243587388    0.000000000    0.000000000    0.000000000
     0.000002427    0.000000000    0.000000000   -0.017321639    0.000000000
     0.000000000   -0.019544908    0.000000000    0.000000000    0.094953956
     1.624570770    0.007966700   -0.015883834   -0.000005179   -0.094953956
    -1.624570770    0.007966700    0.015883834    0.000005179
     0.000000000    0.000000000    0.000000000    0.000000000   -0.273359088
     0.000000000    0.000000000    1.353501197    0.000000000    0.000000000
     0.000000000    0.000023890    0.095089530    0.000000000   -0.841006630
    -0.053872384    0.000000000    0.009095082    0.000010384    0.420503315
     0.026936192    0.035500150    0.070583145   -0.000005192    0.420503315
     0.026936192   -0.035500150    0.070583145   -0.000005192
     0.000000000    0.000000000    0.000000000   -0.273359088    0.000000000
     0.000000000    1.353501197    0.000000000    0.000000000    0.000000000
     0.000023890    0.000000000    0.000000000    0.095089530    0.000000000
     0.000000000    0.091079166    0.000000000    0.000000000   -0.728333106
    -0.046654853    0.029591103    0.035500150    0.000008993    0.728333106
     0.046654853    0.029591103   -0.035500150   -0.000008993
     0.039943879   -0.739981084    2.286572007    0.000000000    0.000000000
    -0.000016445    0.000000000    0.000000000   -0.000276331    0.100659326
     0.000000000    0.000000000    0.000000000    0.000000000   -0.676495553
    -0.208833993    0.000000000   -0.036053146   -0.000021632   -0.676495553
    -0.208833993   -0.031222940    0.018026573   -0.000021632   -0.676495553
    -0.208833993    0.031222940    0.018026573   -0.000021632
     0.000080643   -0.000424998    0.000503150    0.000000000    0.000000000
    -1.037519019    0.000000000    0.000000000    1.038945689    0.000009919
     0.000000000    0.000000000    0.000000000    0.000000000    0.000075010
    -0.000104701    0.000000000   -0.000008647   -0.028448913    0.000075010
    -0.000104701   -0.000007488    0.000004323   -0.028448913    0.000075010
    -0.000104701    0.000007488    0.000004323   -0.028448913
     0.306569151   -1.902258365    4.380507413    0.000000000    0.000000000
     0.000268270    0.000000000    0.000000000   -0.000485551   -0.053137769
     0.000000000    0.000000000    0.000000000    0.000000000    0.363186662
    -1.422432626    0.000000000    0.096888557   -0.000008175    0.363186662
    -1.422432626    0.083907952   -0.048444279   -0.000008175    0.363186662
    -1.422432626   -0.083907952   -0.048444279   -0.000008175
     0.000000000    0.000000000    0.000000000    0.000000000    0.939096323
     0.000000000    0.000000000   -1.699738484    0.000000000    0.000000000
     0.000000000    0.000034037    0.133699191    0.000000000   -0.549665698
     1.828474923    0.000000000   -0.168109708    0.000033367    0.274832849
    -0.914237461    0.095925180   -0.001962422   -0.000016684    0.274832849
    -0.914237461   -0.095925180   -0.001962422   -0.000016684
     0.000000000    0.000000000    0.000000000   -0.939096323    0.000000000
     0.000000000    1.699738484    0.000000000    0.000000000    0.000000000
    -0.000034037    0.000000000    0.000000000   -0.133699191    0.000000000
     0.000000000   -0.053420006    0.000000000    0.000000000    0.476024458
    -1.583505733    0.112727279   -0.095925180   -0.000028897   -0.476024458
     1.583505733    0.112727279    0.095925180    0.000028897
     0.000000000    0.000000000    0.000000000    0.000000000    0.000012256
     0.000000000    0.000000000    0.000181015    0.000000000    0.000000000
     0.000000000    0.409465956   -0.000152776    0.000000000   -0.000092787
    -0.000058412    0.000000000    0.000078435    0.623065492    0.000046393
     0.000029206   -0.000130504   -0.000147604   -0.311532746    0.000046393
     0.000029206    0.000130504   -0.000147604   -0.311532746
     0.000000000    0.000000000    0.000000000    0.000012256    0.000000000
     0.000000000    0.000181015    0.000000000    0.000000000    0.000000000
     0.409465956    0.000000000    0.000000000   -0.000152776    0.000000000
     0.000000000   -0.000222951    0.000000000    0.000000000   -0.000080356
    -0.000050586    0.000003089   -0.000130504    0.539590545    0.000080356
     0.000050586    0.000003089    0.000130504   -0.539590545
     0.000000000    0.000000000    0.000000000    0.000000000    0.000000000
     0.000000000    0.000000000    0.000000000    0.000000000    0.000000000
     0.000000000    0.000000000    0.000000000    0.000000000    0.000000000
     0.000000000    0.587708313    0.000000000    0.000000000    0.000000000
     0.000000000   -0.293854157   -0.508970329    0.000000000    0.000000000
     0.000000000   -0.293854157    0.508970329    0.000000000
     0.000000000    0.000000000    0.000000000   -0.181721576    0.000000000
     0.000000000    1.090920068    0.000000000    0.000000000    0.000000000
    -0.000039325    0.000000000    0.000000000   -0.328125688    0.000000000
     0.000000000   -0.645635248    0.000000000    0.000000000   -0.423337187
    -0.298419321   -0.412890861   -0.134375035   -0.000228022    0.423337187
     0.298419321   -0.412890861    0.134375035    0.000228022
     0.000000000    0.000000000    0.000000000    0.000000000   -0.181721576
     0.000000000    0.000000000    1.090920068    0.000000000    0.000000000
     0.000000000   -0.000039325   -0.328125688    0.000000000   -0.488827678
    -0.344584951    0.000000000   -0.335309399   -0.000263297    0.244413839
     0.172292475   -0.134375035   -0.568053786    0.000131649    0.244413839
     0.172292475    0.134375035   -0.568053786    0.000131649
     0.000097949   -0.000828779    0.001165055    0.000000000    0.000000000
    -0.229482794    0.000000000    0.000000000   -0.412913536   -0.000607080
     0.000000000    0.000000000    0.000000000    0.000000000   -0.000212106
    -0.000173795    0.000000000   -0.000194264    0.650145215   -0.000212106
    -0.000173795   -0.000168238    0.000097132    0.650145215   -0.000212106
    -0.000173795    0.000168238    0.000097132    0.650145215
    -0.110434108    0.829322476   -0.532102319    0.000000000    0.000000000
    -0.000316120    0.000000000    0.000000000   -0.000313846    0.713617981
     0.000000000    0.000000000    0.000000000    0.000000000    0.100162924
    -0.011011267    0.000000000    0.385025523    0.000562331    0.100162924
    -0.011011267    0.333441884   -0.192512761    0.000562331    0.100162924
    -0.011011267   -0.333441884   -0.192512761    0.000562331
     0.000000000    0.000000000    0.000000000    0.000000000    0.695062724
     0.000000000    0.000000000    0.717567911    0.000000000    0.000000000
     0.000000000    0.003453161    0.349498836    0.000000000   -0.268152651
    -0.694203103    0.000000000    0.719621080   -0.002438314    0.134076326
     0.347101552   -0.606974047   -0.331688808    0.001219157    0.134076326
     0.347101552    0.606974047   -0.331688808    0.001219157
     0.000000000    0.000000000    0.000000000    0.695062724    0.000000000
     0.000000000    0.717567911    0.000000000    0.000000000    0.000000000
     0.003453161    0.000000000    0.000000000    0.349498836    0.000000000
     0.000000000   -0.682125438    0.000000000    0.000000000   -0.232227008
    -0.601197523    0.369184451   -0.606974047   -0.002111642    0.232227008
     0.601197523    0.369184451    0.606974047    0.002111642
     0.000000000    0.000000000    0.000000000   -0.002414651    0.000000000
     0.000000000   -0.002763925    0.000000000    0.000000000    0.000000000
     1.015030448    0.000000000    0.000000000   -0.001340776    0.000000000
     0.000000000    0.002590067    0.000000000    0.000000000    0.000957604
     0.002171061   -0.001294106    0.002242529   -0.557876884   -0.000957604
    -0.002171061   -0.001294106   -0.002242529    0.557876884
     0.000000000    0.000000000    0.000000000    0.000000000   -0.002414651
     0.000000000    0.000000000   -0.002763925    0.000000000    0.000000000
     0.000000000    1.015030448   -0.001340776    0.000000000    0.001105746
     0.002506925    0.000000000   -0.002588830   -0.644180738   -0.000552873
    -0.001253462    0.002242529    0.001295343    0.322090369   -0.000552873
    -0.001253462   -0.002242529    0.001295343    0.322090369
    -0.251679829    1.471447611    1.180013815    0.000000000    0.000000000
    -0.000281219    0.000000000    0.000000000   -0.000121635   -1.060199388
     0.000000000    0.000000000    0.000000000    0.000000000   -0.731633200
    -0.358419513    0.000000000    0.874821228   -0.000208676   -0.731633200
    -0.358419513    0.757617407   -0.437410614   -0.000208676   -0.731633200
    -0.358419513   -0.757617407   -0.437410614   -0.000208676
     0.000000000    0.000000000    0.000000000   -1.032128748    0.000000000
     0.000000000   -0.467809012    0.000000000    0.000000000    0.000000000
     0.000315155    0.000000000    0.000000000    1.370370727    0.000000000
     0.000000000   -0.297619857    0.000000000    0.000000000    0.865006822
     0.273469823   -0.867255351    0.328879206    0.000168255   -0.865006822
    -0.273469823   -0.867255351   -0.328879206   -0.000168255
     0.000000000    0.000000000    0.000000000    0.000000000   -1.032128748
     0.000000000    0.000000000   -0.467809012    0.000000000    0.000000000
     0.000000000    0.000315155    1.370370727    0.000000000    0.998823843
     0.315775752    0.000000000   -1.057133849    0.000194284   -0.499411921
    -0.157887876    0.328879206   -0.487498355   -0.000097142   -0.499411921
    -0.157887876   -0.328879206   -0.487498355   -0.000097142
