 Methane DF-BP86/def2-SVP                                                       
 NLMOs in the AO basis:
 -------------------------------------------------------------------------------
 ALPHA SPIN
     0.985699163    0.054157173   -0.030717368    0.000000000   -0.000000031
    -0.000001245    0.000000000   -0.000000012    0.000001864   -0.002551981
     0.000000000    0.000000000    0.000000001    0.000000000   -0.003164267
     0.007587607    0.000000000    0.002985552   -0.000000701   -0.003164230
     0.007587621    0.002585563   -0.001492776   -0.000000701   -0.003164230
     0.007587621   -0.002585563   -0.001492776   -0.000000701
    -0.000087630    0.000186648    0.000187964    0.000000000    0.000000001
     0.611962982    0.000000000    0.000000000    0.512136512    0.000003804
     0.000000000    0.000000000    0.000000000    0.000000000   -0.000019298
    -0.000030038    0.000000000   -0.000000681    0.018563297   -0.000019299
    -0.000030039   -0.000000590    0.000000341    0.018563297   -0.000019299
    -0.000030039    0.000000590    0.000000341    0.018563297
    -0.155163408    0.299615723    0.128856712    0.000000000    0.369565466
    -0.000074205    0.000000000    0.143617036   -0.000050062    0.003216727
     0.000000000   -0.000004670   -0.012910863    0.000000000    0.404658327
     0.127081671    0.000000000   -0.019924690    0.000000847   -0.042585875
    -0.043464351   -0.002250276    0.011619517   -0.000001450   -0.042585875
    -0.043464351    0.002250276    0.011619517   -0.000001450
    -0.155143489    0.299577098    0.128840105    0.320066836   -0.184806554
    -0.000074194    0.124381347   -0.071817775   -0.000050055    0.003216312
    -0.000004044    0.000002335    0.006456264   -0.011181616   -0.042618821
    -0.043473405    0.008938042   -0.007756510   -0.000001450    0.404663819
     0.127087274   -0.017254614    0.009961512    0.000000847   -0.042599602
    -0.043466077    0.011187000   -0.003862388   -0.000001450
    -0.155143489    0.299577098    0.128840105   -0.320066836   -0.184806554
    -0.000074194   -0.124381347   -0.071817775   -0.000050055    0.003216312
     0.000004044    0.000002335    0.006456264    0.011181616   -0.042618821
    -0.043473405   -0.008938042   -0.007756510   -0.000001450   -0.042599602
    -0.043466077   -0.011187000   -0.003862388   -0.000001450    0.404663819
     0.127087274    0.017254614    0.009961512    0.000000847
     0.168552144   -0.660253627   -0.138577291    0.000000000   -0.731064133
     0.000119074    0.000000000   -0.374189887    0.000073077    0.007932991
     0.000000000    0.000009689    0.025363117    0.000000000    1.149479088
     0.207685882    0.000000000   -0.044065211    0.000002921   -0.016416051
    -0.001628422   -0.002090657   -0.005464657    0.000001050   -0.016416051
    -0.001628422    0.002090657   -0.005464657    0.000001050
     0.168360237   -0.658949997   -0.137837517   -0.632607597    0.365331127
     0.000118819   -0.323571786    0.187127232    0.000072897    0.008119142
     0.000008678   -0.000005043   -0.013195159    0.022672208   -0.016854009
    -0.001793724   -0.006102121    0.001347149    0.000001142    1.149325947
     0.206645131   -0.036766547    0.020855729    0.000002780   -0.016608778
    -0.001566152   -0.004111801    0.004484526    0.000001065
     0.168360237   -0.658949997   -0.137837517    0.632607597    0.365331127
     0.000118819    0.323571786    0.187127232    0.000072897    0.008119142
    -0.000008678   -0.000005043   -0.013195159   -0.022672208   -0.016854009
    -0.001793724    0.006102121    0.001347149    0.000001142   -0.016608778
    -0.001566152    0.004111801    0.004484526    0.000001065    1.149325947
     0.206645131    0.036766547    0.020855729    0.000002780
    -0.112302822    0.610247425    0.259874257    0.000000000    0.032945969
    -0.000396623    0.000000000    0.012269784    0.000286927   -1.202537357
     0.000000000   -0.000015140   -0.060994958    0.000000000   -0.442723545
    -0.051845062    0.000000000    0.268701837   -0.000092800   -0.391720242
    -0.038241793    0.196773063   -0.103361944   -0.000083835   -0.391720242
    -0.038241793   -0.196773063   -0.103361944   -0.000083835
    -0.221365186    1.788886806   -4.755307542    0.000000000   -0.001238151
     0.000061941    0.000000000   -0.000250587    0.000352178    0.202856414
     0.000000000    0.000000215    0.000814704    0.000000000    0.358439988
     1.123448833    0.000000000   -0.031786298    0.000005181    0.357461549
     1.122609035   -0.025741484    0.014486751    0.000005134    0.357461549
     1.122609035    0.025741484    0.014486751    0.000005134
     0.000000000    0.000000000    0.000000000    0.836064208    0.000000000
     0.000000000   -2.252398150    0.000000000    0.000000000    0.000000000
     0.000005550    0.000000000    0.000000000    0.006160418    0.000000000
     0.000000000    0.034690023    0.000000000    0.000000000    0.327779259
     1.065382261    0.024730201    0.005532677    0.000001130   -0.327779259
    -1.065382261    0.024730201   -0.005532677   -0.000001130
    -0.000093183   -0.000022772   -0.000557212    0.000000000   -0.837145012
     0.000000335    0.000000000    2.250120344    0.000000165   -0.006132267
     0.000000000   -0.000005379   -0.006522124    0.000000000   -0.378995007
    -1.227828769    0.000000000   -0.023495936   -0.000001913    0.187571303
     0.614908122   -0.005040307   -0.029777360    0.000000220    0.187571303
     0.614908122    0.005040307   -0.029777360    0.000000220
    -0.000044509    0.000130282    0.000681040    0.000000000    0.000010388
     1.005061820    0.000000000    0.000003862   -1.062675387   -0.000396457
     0.000000000   -0.000076999   -0.000019860    0.000000000   -0.000200472
    -0.000224263    0.000000000    0.000083787    0.007430914   -0.000184025
    -0.000220185    0.000061315   -0.000032148    0.006742356   -0.000184025
    -0.000220185   -0.000061315   -0.000032148    0.006742356
     0.000000000    0.000000000    0.000000000   -0.382632927    0.000000000
     0.000000000   -0.549682902    0.000000000    0.000000000    0.000000000
     0.000075128    0.000000000    0.000000000    1.366387167    0.000000000
     0.000000000   -0.162092733    0.000000000    0.000000000    0.649250805
     0.206763412   -0.318626921    0.087544567    0.000083570   -0.649250805
    -0.206763412   -0.318626921   -0.087544567   -0.000083570
     0.000000000    0.000000000    0.000000000   -0.000137776    0.000000000
     0.000000000   -0.000275637    0.000000000    0.000000000    0.000000000
     1.068169057    0.000000000    0.000000000    0.000081538    0.000000000
     0.000000000    0.000056773    0.000000000    0.000000000    0.000235438
     0.000121825   -0.000109616    0.000092965   -0.153264182   -0.000235438
    -0.000121825   -0.000109616   -0.000092965    0.153264182
    -0.000000120    0.000000108   -0.000004503    0.000000000   -0.000146892
     0.001020740    0.000000000   -0.000281394    0.002500904   -0.000010977
     0.000000000    1.070005777    0.000084029    0.000000000    0.000274899
     0.000149736    0.000000000   -0.000177949   -0.187575839   -0.000140065
    -0.000071477    0.000098766    0.000000321    0.088291184   -0.000140065
    -0.000071477   -0.000098766    0.000000321    0.088291184
    -0.000689107    0.000301640   -0.005045614    0.000000000   -0.399589833
     0.000001693    0.000000000   -0.568596679   -0.000000436   -0.041567864
     0.000000000    0.000077864    1.370247430    0.000000000    0.751385683
     0.261073967    0.000000000   -0.394477674    0.000099751   -0.388713923
    -0.123260543    0.097149924   -0.209582808   -0.000051375   -0.388713923
    -0.123260543   -0.097149924   -0.209582808   -0.000051375
    -0.000051098    0.000476496   -0.001266881    0.000000000    0.000303646
     0.109224873    0.000000000   -0.000414187    0.250723940   -0.000116671
     0.000000000    0.184795792   -0.000157952    0.000000000   -0.000771810
     0.001722889    0.000000000    0.000252185   -1.091406888    0.000013546
     0.000064688    0.000006549    0.000009319   -0.016501175    0.000013546
     0.000064688   -0.000006549    0.000009319   -0.016501175
    -0.058519672    0.525108230   -1.316220290    0.000000000    0.351108340
    -0.000150102    0.000000000   -0.709713326   -0.000095295   -0.077768174
     0.000000000   -0.000184303   -0.133865020    0.000000000   -0.971293540
     2.245360818    0.000000000    0.526467776    0.000758539   -0.039388967
    -0.068719551    0.012995969    0.005735540    0.000008752   -0.039388967
    -0.068719551   -0.012995969    0.005735540    0.000008752
     0.000000000    0.000000000    0.000000000   -0.085181901    0.000000000
     0.000000000   -0.817034615    0.000000000    0.000000000    0.000000000
     0.000054560    0.000000000    0.000000000   -0.170018684    0.000000000
     0.000000000    1.136653365    0.000000000    0.000000000    0.156436254
     0.429909471    0.022428461    0.053598347   -0.000001667   -0.156436254
    -0.429909471    0.022428461   -0.053598347    0.000001667
     0.112699275   -0.676867701   -1.075124275    0.000000000   -0.738634950
     0.000132869    0.000000000   -0.737464963    0.000114429    0.201444185
     0.000000000    0.000109791    0.331778173    0.000000000    0.374869078
     1.664945242    0.000000000   -1.480388880    0.000234228    0.027558206
    -0.075558639   -0.003605253    0.018032398   -0.000001772    0.027558206
    -0.075558639    0.003605253    0.018032398   -0.000001772
    -0.000052093    0.000479759   -0.001237637    0.000267127   -0.000153928
     0.109038555   -0.000339314    0.000199546    0.252499306   -0.000124580
     0.168783861   -0.097209235    0.000084951   -0.000145507    0.000012224
     0.000066862    0.000011724    0.000000893   -0.018763673   -0.000766781
     0.001671303    0.000225612   -0.000134917   -1.093257800    0.000013262
     0.000070207    0.000005267   -0.000011151   -0.017247668
    -0.062646601    0.549210200   -1.279238399    0.327543908   -0.187621551
    -0.000153193   -0.586513043    0.350532541   -0.000096865   -0.090767663
    -0.000171012    0.000097353    0.080064092   -0.132976546   -0.041622014
    -0.072271284    0.010390891    0.010290729    0.000009769   -0.991641952
     2.191447660    0.491859767   -0.299229642    0.000736090   -0.038405473
    -0.060270914   -0.001357196   -0.014775592    0.000008823
     0.002088568   -0.010137406   -0.040090972   -0.054342204   -0.068685956
     0.000001898   -0.433972230   -0.699658018    0.000002471    0.007307327
     0.000031357    0.000047135   -0.156180877   -0.076719391    0.156211876
     0.433291457    0.061455361   -0.011822333   -0.000001276    0.001601143
     0.062084852    0.546197304    0.997942521    0.000009909   -0.155990197
    -0.437737347   -0.038216055    0.047221847    0.000001874
     0.112971255   -0.671818446   -1.125063844   -0.637799851    0.371112124
     0.000132125   -0.658222013    0.396661677    0.000115988    0.216964158
     0.000101283   -0.000058653   -0.177473768    0.308873388    0.022040106
    -0.083783346    0.014100350   -0.014690193   -0.000001797    0.370020425
     1.737832794   -1.289381083    0.718333401    0.000246343    0.030347415
    -0.070483435    0.019642050   -0.004629212   -0.000001114
    -0.000052093    0.000479759   -0.001237637   -0.000267127   -0.000153928
     0.109038555    0.000339314    0.000199546    0.252499306   -0.000124580
    -0.168783861   -0.097209235    0.000084951    0.000145507    0.000012224
     0.000066862   -0.000011724    0.000000893   -0.018763673    0.000013262
     0.000070207   -0.000005267   -0.000011151   -0.017247668   -0.000766781
     0.001671303   -0.000225612   -0.000134917   -1.093257800
    -0.062646601    0.549210200   -1.279238399   -0.327543908   -0.187621551
    -0.000153193    0.586513043    0.350532541   -0.000096865   -0.090767663
     0.000171012    0.000097353    0.080064092    0.132976546   -0.041622014
    -0.072271284   -0.010390891    0.010290729    0.000009769   -0.038405473
    -0.060270914    0.001357196   -0.014775592    0.000008823   -0.991641952
     2.191447660   -0.491859767   -0.299229642    0.000736090
     0.002088568   -0.010137406   -0.040090972    0.054342204   -0.068685956
     0.000001898    0.433972230   -0.699658018    0.000002471    0.007307327
    -0.000031357    0.000047135   -0.156180877    0.076719391    0.156211876
     0.433291457   -0.061455361   -0.011822333   -0.000001276   -0.155990197
    -0.437737347    0.038216055    0.047221847    0.000001874    0.001601143
     0.062084852   -0.546197304    0.997942521    0.000009909
     0.112971255   -0.671818446   -1.125063844    0.637799851    0.371112124
     0.000132125    0.658222013    0.396661677    0.000115988    0.216964158
    -0.000101283   -0.000058653   -0.177473768   -0.308873388    0.022040106
    -0.083783346   -0.014100350   -0.014690193   -0.000001797    0.030347415
    -0.070483435   -0.019642050   -0.004629212   -0.000001114    0.370020425
     1.737832794    1.289381083    0.718333401    0.000246343
     1.000000000    1.000000000    1.000000000    1.000000000    1.000000000
     0.000000000    0.000000000    0.000000000    0.000000000    0.000000000
     0.000000000    0.000000000    0.000000000    0.000000000    0.000000000
     0.000000000    0.000000000    0.000000000    0.000000000    0.000000000
     0.000000000    0.000000000    0.000000000    0.000000000    0.000000000
     0.000000000    0.000000000    0.000000000    0.000000000
   1  1  1  1  1  1  1  1  1  1  1  1  1  1  1  1  1  1  1  1
   1  1  1  1  1  1  1  1  1
   1  1  2  2  2 22 22 22 21 21 21 21 21 21 21 21 21 21 21 21
  21 21 21 21 21 21 21 21 21
 CR LP BD BD BD BD BD BD RY RY RY RY RY RY RY RY RY RY RY RY 
 RY RY RY RY RY RY RY RY RY 
                *  *  *                                      
                            
   1  1  1  1  1  1  1  1  1  2  3  4  5  6  7  8  9  1  2  3
   4  1  2  3  4  1  2  3  4
   1  1  1  1  1  1  1  1  1  1  1  1  1  1  1  1  1  2  2  2
   2  3  3  3  3  4  4  4  4
   0  0  2  3  4  2  3  4  0  0  0  0  0  0  0  0  0  0  0  0
   0  0  0  0  0  0  0  0  0
   0  0  0  0  0  0  0  0  0  0  0  0  0  0  0  0  0  0  0  0
   0  0  0  0  0  0  0  0  0
   0  0  0  0  0  0  0  0  0  0  0  0  0  0  0  0  0  0  0  0
   0  0  0  0  0  0  0  0  0
   0  0  0  0  0  0  0  0  0  0  0  0  0  0  0  0  0  0  0  0
   0  0  0  0  0  0  0  0  0
   0  0  0  0  0  0  0  0  0  0  0  0  0  0  0  0  0  0  0  0
   0  0  0  0  0  0  0  0  0
   0  0  0  0  0  0  0  0  0  0  0  0  0  0  0  0  0  0  0  0
   0  0  0  0  0  0  0  0  0
   0  0  0  0  0  0  0  0  0  0  0  0  0  0  0  0  0  0  0  0
   0  0  0  0  0  0  0  0  0
   0  0  0  0  0  0  0  0  0  0  0  0  0  0  0  0  0  0  0  0
   0  0  0  0  0  0  0  0  0
   6  1  1  1
 BETA  SPIN
     0.986131016    0.051988364   -0.028704905    0.000000000   -0.000000020
    -0.000002268    0.000000000   -0.000000007    0.000001457   -0.003570358
     0.000000000    0.000000000    0.000000001    0.000000000   -0.002852822
     0.007248974    0.000000000    0.002854938   -0.000000709   -0.002852795
     0.007248985    0.002472448   -0.001427469   -0.000000709   -0.002852795
     0.007248985   -0.002472448   -0.001427469   -0.000000709
    -0.149435330    0.282245291    0.100149043    0.000000000    0.354835853
    -0.000029989    0.000000000    0.123969541   -0.000004779   -0.010461222
     0.000000000   -0.000008453   -0.012327049    0.000000000    0.430420620
     0.157207074    0.000000000   -0.020877670    0.000005314   -0.038875139
    -0.041209552   -0.001246704    0.012357477   -0.000000760   -0.038875139
    -0.041209552    0.001246704    0.012357477   -0.000000760
    -0.149407747    0.282193085    0.100130521    0.307315813   -0.177450748
    -0.000029983    0.107367393   -0.061996237   -0.000004779   -0.010459287
    -0.000007321    0.000004227    0.006164664   -0.010676196   -0.038925820
    -0.041226399    0.010079159   -0.007255394   -0.000000760    0.430427817
     0.157214698   -0.018079741    0.010437626    0.000005314   -0.038896883
    -0.041214164    0.011323973   -0.005101229   -0.000000760
    -0.149407747    0.282193085    0.100130521   -0.307315813   -0.177450748
    -0.000029983   -0.107367393   -0.061996237   -0.000004779   -0.010459287
     0.000007321    0.000004227    0.006164664    0.010676196   -0.038925820
    -0.041226399   -0.010079159   -0.007255394   -0.000000760   -0.038896883
    -0.041214164   -0.011323973   -0.005101229   -0.000000760    0.430427817
     0.157214698    0.018079741    0.010437626    0.000005314
    -0.000059541    0.000143405    0.000890296    0.000000000    0.000013452
     0.691772288    0.000000000    0.000004470    0.441560617   -0.000753539
     0.000000000   -0.000010982   -0.000019788    0.000000000   -0.000287676
    -0.000192133    0.000000000    0.000160811    0.001059630   -0.000270002
    -0.000185263    0.000122932   -0.000066735    0.000961443   -0.000270002
    -0.000185263   -0.000122932   -0.000066735    0.000961443
     0.176264914   -0.683467994   -0.147042465    0.000000000   -0.741132133
     0.000089270    0.000000000   -0.382157310    0.000039538    0.020781237
     0.000000000    0.000012357    0.025895189    0.000000000    1.136304622
     0.222113600    0.000000000   -0.049282046    0.000008850   -0.013835127
    -0.003993310   -0.004069758   -0.004303495    0.000002314   -0.013835127
    -0.003993310    0.004069758   -0.004303495    0.000002314
     0.176049860   -0.682029521   -0.146225575   -0.641154588    0.370177137
     0.000088993   -0.330405229    0.191080004    0.000039326    0.020968358
     0.000010930   -0.000006338   -0.013472119    0.023167398   -0.014259337
    -0.004077305   -0.006066838   -0.001146336    0.000002484    1.136067811
     0.220870092   -0.040939859    0.023192409    0.000008681   -0.014040815
    -0.003915533   -0.002096335    0.005576917    0.000002333
     0.176049860   -0.682029521   -0.146225575    0.641154588    0.370177137
     0.000088993    0.330405229    0.191080004    0.000039326    0.020968358
    -0.000010930   -0.000006338   -0.013472119   -0.023167398   -0.014259337
    -0.004077305    0.006066838   -0.001146336    0.000002484   -0.014040815
    -0.003915533    0.002096335    0.005576917    0.000002333    1.136067811
     0.220870092    0.040939859    0.023192409    0.000008681
     0.047588532   -0.142641312   -1.361355100    0.000000000   -0.021919448
     0.000799778    0.000000000   -0.007305435    0.000073089    1.216527063
     0.000000000    0.000007783    0.032293841    0.000000000    0.493690276
     0.311668373    0.000000000   -0.260532806    0.000090870    0.464856835
     0.300475508   -0.199056302    0.108025254    0.000083688    0.464856835
     0.300475508    0.199056302    0.108025254    0.000083688
    -0.235964091    1.866841476   -4.565196511    0.000000000    0.001704573
     0.000032532    0.000000000    0.000256977    0.000317152   -0.085033235
     0.000000000   -0.000000071   -0.000739831    0.000000000    0.254528837
     1.081162267    0.000000000    0.028349208   -0.000015654    0.255640692
     1.082345771    0.021978727   -0.012126601   -0.000014399    0.255640692
     1.082345771   -0.021978727   -0.012126601   -0.000014399
     0.000000000    0.000000000    0.000000000    0.833740079    0.000000000
     0.000000000   -2.253481803    0.000000000    0.000000000    0.000000000
     0.000005547    0.000000000    0.000000000    0.006157628    0.000000000
     0.000000000    0.034674311    0.000000000    0.000000000    0.328467808
     1.065410049    0.024719000    0.005530171    0.000001130   -0.328467808
    -1.065410049    0.024719000   -0.005530171   -0.000001130
    -0.000422920    0.003090287   -0.001339510    0.000000000    0.834944107
    -0.000000498    0.000000000   -2.251125048   -0.000000147    0.002446952
     0.000000000    0.000005359    0.006260351    0.000000000    0.378533401
     1.228324360    0.000000000    0.024335566    0.000001618   -0.189004588
    -0.614391233    0.005640601    0.029455459   -0.000000470   -0.189004588
    -0.614391233   -0.005640601    0.029455459   -0.000000470
    -0.000023809   -0.000018292    0.001018158    0.000000000    0.000006373
     0.955123820    0.000000000    0.000002100   -1.099520744   -0.000379435
     0.000000000   -0.000076384   -0.000009844    0.000000000   -0.000212419
    -0.000304733    0.000000000    0.000076513    0.007371599   -0.000203776
    -0.000301643    0.000058561   -0.000031780    0.006688537   -0.000203776
    -0.000301643   -0.000058561   -0.000031780    0.006688537
     0.000000000    0.000000000    0.000000000   -0.382894766    0.000000000
     0.000000000   -0.549961643    0.000000000    0.000000000    0.000000000
     0.000075128    0.000000000    0.000000000    1.366397678    0.000000000
     0.000000000   -0.162094041    0.000000000    0.000000000    0.649366001
     0.206830695   -0.318629418    0.087545232    0.000083571   -0.649366001
    -0.206830695   -0.318629418   -0.087545232   -0.000083571
     0.000000000    0.000000000    0.000000000   -0.000132617    0.000000000
     0.000000000   -0.000273276    0.000000000    0.000000000    0.000000000
     1.068169056    0.000000000    0.000000000    0.000081377    0.000000000
     0.000000000    0.000056829    0.000000000    0.000000000    0.000233863
     0.000121775   -0.000109552    0.000092960   -0.153264182   -0.000233863
    -0.000121775   -0.000109552   -0.000092960    0.153264182
     0.000000803   -0.000005440   -0.000000615    0.000000000   -0.000141954
     0.000922500    0.000000000   -0.000279114    0.002417454   -0.000004574
     0.000000000    1.070005791    0.000084336    0.000000000    0.000275214
     0.000148702    0.000000000   -0.000179360   -0.187575920   -0.000137399
    -0.000072503    0.000097713    0.000000910    0.088291114   -0.000137399
    -0.000072503   -0.000097713    0.000000910    0.088291114
    -0.002928399    0.021437603   -0.010190691    0.000000000    0.400401598
    -0.000002841    0.000000000    0.569286550    0.000000677    0.016590462
     0.000000000   -0.000077937   -1.371237056    0.000000000   -0.759494788
    -0.257409063    0.000000000    0.400022695   -0.000101690    0.381710909
     0.127456998   -0.093008838    0.207371350    0.000049649    0.381710909
     0.127456998    0.093008838    0.207371350    0.000049649
    -0.073254592    0.612679267   -1.162928308    0.000000000    0.447804775
    -0.000086440    0.000000000   -0.604587807    0.000078990   -0.104012648
     0.000000000   -0.000056324   -0.176577021    0.000000000   -1.020987669
     2.003990196    0.000000000    0.717667557   -0.000110937   -0.041756145
    -0.057435506    0.013399921    0.003292760   -0.000003687   -0.041756145
    -0.057435506   -0.013399921    0.003292760   -0.000003687
     0.000000000    0.000000000    0.000000000   -0.085667232    0.000000000
     0.000000000   -0.817108271    0.000000000    0.000000000    0.000000000
     0.000054594    0.000000000    0.000000000   -0.170003976    0.000000000
     0.000000000    1.136634661    0.000000000    0.000000000    0.155899270
     0.429608658    0.022438253    0.053576796   -0.000001666   -0.155899270
    -0.429608658    0.022438253   -0.053576796    0.000001666
     0.103913526   -0.600031377   -1.239375729    0.000000000   -0.683087721
     0.000069761    0.000000000   -0.823160365   -0.000002383    0.189355987
     0.000000000    0.000005563    0.311098508    0.000000000    0.235539497
     1.945088180    0.000000000   -1.397588307    0.000798422    0.021929152
    -0.083968072   -0.001812467    0.018627439    0.000006588    0.021929152
    -0.083968072    0.001812467    0.018627439    0.000006588
     0.000049997   -0.000248448   -0.000913052    0.000000000   -0.000329982
     0.099436529    0.000000000   -0.000304953    0.242511916    0.000043190
     0.000000000    0.184772334    0.000109521    0.000000000    0.000106684
     0.001026384    0.000000000   -0.000891586   -1.091564152    0.000055944
     0.000073837   -0.000004381    0.000014749   -0.016795572    0.000055944
     0.000073837    0.000004381    0.000014749   -0.016795572
    -0.075300783    0.623980564   -1.144313809    0.399231253   -0.229512522
    -0.000090167   -0.507942308    0.301953025    0.000073789   -0.114924554
    -0.000057219    0.000031942    0.099389982   -0.167112730   -0.042536437
    -0.061425419    0.008835222    0.011797192   -0.000003745   -1.035721879
     1.979974521    0.635014303   -0.377014881   -0.000099914   -0.040803003
    -0.052029655   -0.003594501   -0.014098748   -0.000003718
     0.001589774   -0.007542042   -0.031395954   -0.051754640   -0.070755851
     0.000002225   -0.429231950   -0.702579090    0.000003858    0.006310701
     0.000032429    0.000046562   -0.155363991   -0.078121327    0.155646352
     0.433585742    0.061352842   -0.011744007   -0.000001424    0.001444939
     0.048203457    0.552189641    0.994612467   -0.000001074   -0.155518014
    -0.436917551   -0.038297144    0.047277762    0.000001732
     0.105099894   -0.604104755   -1.262022795   -0.594873271    0.345923915
     0.000056362   -0.721220755    0.428935661   -0.000038006    0.205343061
    -0.000017067    0.000009763   -0.168150970    0.291407432    0.017976584
    -0.088957243    0.015544778   -0.013472924    0.000010283    0.248288730
     1.972199222   -1.222419121    0.685503580    0.000966395    0.024821529
    -0.079279436    0.019129968   -0.006030371    0.000010071
     0.000065578   -0.000333775   -0.001136256   -0.000373915    0.000217600
     0.099142923   -0.000384199    0.000233562    0.244135189    0.000079578
     0.168783967   -0.097231620   -0.000085142    0.000148137    0.000054262
     0.000057454    0.000013869   -0.000015618   -0.018776966    0.000139398
     0.001368029   -0.000959279    0.000535175   -1.093408277    0.000060210
     0.000066316    0.000019379   -0.000004682   -0.017398301
    -0.075300783    0.623980564   -1.144313809   -0.399231253   -0.229512522
    -0.000090167    0.507942308    0.301953025    0.000073789   -0.114924554
     0.000057219    0.000031942    0.099389982    0.167112730   -0.042536437
    -0.061425419   -0.008835222    0.011797192   -0.000003745   -0.040803003
    -0.052029655    0.003594501   -0.014098748   -0.000003718   -1.035721879
     1.979974521   -0.635014303   -0.377014881   -0.000099914
     0.001589774   -0.007542042   -0.031395954    0.051754640   -0.070755851
     0.000002225    0.429231950   -0.702579090    0.000003858    0.006310701
    -0.000032429    0.000046562   -0.155363991    0.078121327    0.155646352
     0.433585742   -0.061352842   -0.011744007   -0.000001424   -0.155518014
    -0.436917551    0.038297144    0.047277762    0.000001732    0.001444939
     0.048203457   -0.552189641    0.994612467   -0.000001074
     0.105099894   -0.604104755   -1.262022795    0.594873271    0.345923915
     0.000056362    0.721220755    0.428935661   -0.000038006    0.205343061
     0.000017067    0.000009763   -0.168150970   -0.291407432    0.017976584
    -0.088957243   -0.015544778   -0.013472924    0.000010283    0.024821529
    -0.079279436   -0.019129968   -0.006030371    0.000010071    0.248288730
     1.972199222    1.222419121    0.685503580    0.000966395
     0.000065578   -0.000333775   -0.001136256    0.000373915    0.000217600
     0.099142923    0.000384199    0.000233562    0.244135189    0.000079578
    -0.168783967   -0.097231620   -0.000085142   -0.000148137    0.000054262
     0.000057454   -0.000013869   -0.000015618   -0.018776966    0.000060210
     0.000066316   -0.000019379   -0.000004682   -0.017398301    0.000139398
     0.001368029    0.000959279    0.000535175   -1.093408277
     1.000000000    1.000000000    1.000000000    1.000000000    0.000000000
     0.000000000    0.000000000    0.000000000    0.000000000    0.000000000
     0.000000000    0.000000000    0.000000000    0.000000000    0.000000000
     0.000000000    0.000000000    0.000000000    0.000000000    0.000000000
     0.000000000    0.000000000    0.000000000    0.000000000    0.000000000
     0.000000000    0.000000000    0.000000000    0.000000000
   1  1  1  1  1  1  1  1  1  1  1  1  1  1  1  1  1  1  1  1
   1  1  1  1  1  1  1  1  1
   1  2  2  2 21 22 22 22 21 21 21 21 21 21 21 21 21 21 21 21
  21 21 21 21 21 21 21 21 21
 CR BD BD BD LV BD BD BD RY RY RY RY RY RY RY RY RY RY RY RY 
 RY RY RY RY RY RY RY RY RY 
                *  *  *                                      
                            
   1  1  1  1  1  1  1  1  1  2  3  4  5  6  7  8  9  1  2  3
   4  1  2  3  4  1  2  3  4
   1  1  1  1  1  1  1  1  1  1  1  1  1  1  1  1  1  2  2  2
   2  3  3  3  3  4  4  4  4
   0  2  3  4  0  2  3  4  0  0  0  0  0  0  0  0  0  0  0  0
   0  0  0  0  0  0  0  0  0
   0  0  0  0  0  0  0  0  0  0  0  0  0  0  0  0  0  0  0  0
   0  0  0  0  0  0  0  0  0
   0  0  0  0  0  0  0  0  0  0  0  0  0  0  0  0  0  0  0  0
   0  0  0  0  0  0  0  0  0
   0  0  0  0  0  0  0  0  0  0  0  0  0  0  0  0  0  0  0  0
   0  0  0  0  0  0  0  0  0
   0  0  0  0  0  0  0  0  0  0  0  0  0  0  0  0  0  0  0  0
   0  0  0  0  0  0  0  0  0
   0  0  0  0  0  0  0  0  0  0  0  0  0  0  0  0  0  0  0  0
   0  0  0  0  0  0  0  0  0
   0  0  0  0  0  0  0  0  0  0  0  0  0  0  0  0  0  0  0  0
   0  0  0  0  0  0  0  0  0
   0  0  0  0  0  0  0  0  0  0  0  0  0  0  0  0  0  0  0  0
   0  0  0  0  0  0  0  0  0
   6  1  1  1
