 Methane DF-BP86/def2-SVP                                                       
 NOs in the AO basis:
 -------------------------------------------------------------------------------
 ALPHA SPIN
     0.841029874    0.186323812    0.030189407   -0.022463291   -0.121121627
     0.025464611   -0.008729472   -0.047069141    0.021318857   -0.000897339
     0.000000284    0.000001530    0.004231415    0.000784761   -0.052225214
    -0.024161735   -0.000627300    0.000047637    0.000772041    0.078659720
     0.025748146   -0.004663575   -0.001052044    0.000772713    0.110050065
     0.037718114    0.005089419   -0.000081839    0.000772875
     0.366748186   -0.085267664   -0.053857846   -0.040981255    0.417689502
     0.000048308   -0.015925748    0.162318544    0.000037235   -0.001912554
     0.000000518   -0.000005278   -0.014592088    0.001431690    0.299548898
     0.126338375   -0.001144424   -0.004175214    0.000002449   -0.234568233
    -0.077334589    0.013731538    0.003075568   -0.000000294   -0.177300767
    -0.055496992   -0.012954643    0.004845576    0.000000000
     0.388188772   -0.363622815   -0.167083986    0.196685683   -0.081346928
    -0.286904551    0.076434130   -0.031612274   -0.240117704   -0.004522584
    -0.000002485    0.000001028    0.002841875   -0.006871264   -0.199255577
    -0.040233078    0.005492556    0.017129632   -0.008705393    0.036614520
     0.049710417    0.009667549   -0.004682091   -0.008704182   -0.238235297
    -0.055097075   -0.013396185   -0.013177077   -0.008705593
    -0.121244304    0.199261813    0.086675979    0.403560966    0.079754350
     0.096518793    0.156828046    0.030993381    0.080782155    0.002195395
    -0.000005099   -0.000001008   -0.002786238   -0.014098504    0.135556577
     0.033339796    0.011269662   -0.009697440    0.002929192    0.321008034
     0.104057332   -0.008985281    0.013921381    0.002930145   -0.242930613
    -0.110987362    0.001334842   -0.003508687    0.002927248
     0.191288657   -0.241415683   -0.107262941    0.033982125   -0.052654640
     0.531243974    0.013205812   -0.020462148    0.444575135   -0.002795117
    -0.000000429    0.000000665    0.001839503   -0.001187174   -0.129829565
    -0.026679221    0.000948970    0.011015187    0.016113222   -0.042364061
     0.006673685    0.007079455   -0.005009847    0.016113671   -0.089850897
    -0.011434299   -0.007723666   -0.006477558    0.016113427
     0.081291599   -0.945309144    4.861101921    0.048497879    0.094239572
    -0.006228919   -0.830599865    0.795757491    0.004207966   -0.286356058
    -0.000858361    0.000238371   -0.196447630    0.045813027   -0.428871830
    -2.220495230    0.092950851    0.448380281    0.001146098    0.042939363
    -0.548501865    0.078178428   -0.054568419    0.003734858    0.045044953
    -2.158474239   -0.175212128   -0.221052606    0.000641881
    -0.101058555    0.731488624   -1.510279551   -0.156527976   -0.021660816
    -0.002188417    0.021319516    2.351774342    0.003880804    0.003645988
     0.001827652   -0.001381765   -0.245697998    0.107735299   -0.126496939
    -2.166615783   -0.008665615    0.478794090    0.000845839    0.129534447
     1.668652185   -0.347373089   -0.078974332   -0.005869914   -0.071702800
     1.736376404    0.127776698   -0.169169701    0.000382749
     0.014105092   -0.090206930    0.374091225    0.047882217    0.314216453
    -0.010904384    0.120238289   -0.552639712   -0.010576664   -0.073427131
    -0.002931553   -0.006389052    0.217097714    0.271102705    0.166070704
    -0.285787365   -0.122988987   -0.459580783    0.034134471   -0.114133750
    -0.171619543    0.108708973    0.130924217    0.021471370   -0.024788153
     0.070926401   -0.570999914   -0.086349743    0.012069031
     0.210874489   -1.372665378    1.560295187    0.000898220    0.259602176
     0.013631121    1.461004009    0.617501770   -0.013410800    0.096848707
    -0.000916234    0.002777582   -0.199125951   -0.019866135   -0.337616234
    -0.581288077   -0.208085375   -0.018628342   -0.006624257    0.513841615
    -1.913329545   -0.346958236   -0.074606777    0.003647090    0.146351928
     1.615637413    0.483971245    0.264516233    0.000361849
     0.034572785   -0.144605909   -0.157598082   -0.035419916   -0.288727363
     0.879610128   -0.177965257    0.305681731   -0.829381638    0.067457589
    -0.002618700   -0.009403179    0.288168449    0.040904622    0.112143837
     0.062238506   -0.034267677   -0.390144786   -0.073506892    0.085641066
     0.231083088   -0.047260679   -0.177733372   -0.104825920    0.081367172
    -0.136554488    0.037559774   -0.486327277   -0.112820781
     0.003985991   -0.029276104    0.413114182   -0.667189280   -0.324969685
    -0.082835062    0.547381438    0.215684769    0.210347989   -0.182877549
     0.054053170   -0.037406990   -0.079292419    0.051673915   -0.330046726
     0.038154181   -0.159063803   -0.153573757   -0.050279159   -0.109718638
    -0.070819539    0.560547583    0.222033074   -0.259227005   -0.539894984
     0.402385262   -0.151215307   -0.272263699   -0.070324078
    -0.010188551    0.159118442    0.831652316   -0.443245244    0.608692481
     0.264369616    0.921961685   -0.819925539   -0.246612656   -0.187997029
    -0.016646999    0.014180518   -0.161954476   -0.262339639    0.167959506
    -0.274032034    0.188970628    0.886973049   -0.058223951   -0.375399151
    -0.709487904    0.060803082    0.069724565    0.009756328   -0.156675705
     0.285111570   -0.216342223    0.011462823   -0.047891430
    -0.050019112    0.212060248   -0.492824153    0.426408477    0.929989938
     0.058298321   -0.833162644    0.075716782   -0.045012994   -0.314357338
     0.019927785   -0.019700176   -0.450496950   -0.139354191   -1.284876139
     0.615075044    0.016787610    0.603582933    0.022135869   -0.387841452
     1.242860069   -0.185130543    0.128148643   -0.071319098   -0.004932638
    -0.201030399    0.348954390   -0.005144055   -0.001009085
     0.017238944    0.040554605    0.032058797    0.188001897   -0.100820066
    -0.074350588   -0.035924843   -0.017345462    0.013917875   -0.467474423
     0.039057516   -0.090402813   -0.459763569    0.387455349    0.015491173
     0.024739479    0.301309550    0.084238454    0.241365168   -0.064065482
    -0.042640684    0.158974869   -0.257039978   -0.101444484    0.003824397
     0.047704263   -0.011246308   -0.107853343    0.057513801
     0.075553978   -0.332399749   -0.367571987    0.419075802    0.093054994
    -0.060962652    1.332919017    0.513207410    0.055719703    0.220455824
    -0.004260091   -0.000990114   -0.245796815   -0.673404247   -0.170031486
    -0.030171791   -0.065661682   -0.079620890    0.010356268   -0.615975691
    -0.010645296    0.155734813   -0.118687282    0.014853110    1.633249585
     0.214380452    0.455135670    0.296917205    0.000927970
     0.247515483   -1.153936690   -0.482963606    0.478759969    0.208418026
     0.083670383   -1.073548142   -0.010213954   -0.080239975    0.339041822
     0.008373280   -0.000254575   -0.174694139   -0.376758204    0.597177001
    -0.166553757    0.312816310   -0.151787562   -0.006954096    0.622301967
     0.912254048    0.218417898    0.376455103   -0.022345260    0.512173117
    -0.180883805    0.686707995    0.435003641    0.006936890
     0.059799863   -0.134182530    0.030264151    0.290631148    0.053349380
    -0.128331047   -0.051201195   -0.157472826    0.097883841    0.256428695
    -0.063572238    0.015055355   -0.209231022    0.252898954    0.280102771
    -0.024784464   -0.792287974    0.238808479    0.005147516    0.015007126
     0.118904006    0.050545924   -0.204925831    0.167572787    0.150286552
    -0.074669983   -0.031257160   -0.172722651   -0.059013463
     0.049315667   -0.232763966    0.047723897   -0.094553591    0.177564229
     0.011899544    0.165661297   -0.028237142    0.273422317   -0.072351325
     0.019906390    0.001113887    0.304694301    0.168447157    0.047152791
    -0.028544263   -0.113341236   -0.138971218   -0.291162530    0.044064544
     0.214587540   -0.161795164   -0.738139208   -0.325135058   -0.001381406
    -0.044882731    0.001153138    0.303180379   -0.263252176
    -0.020916003    0.181140449   -0.104278102    0.253376588    0.041273514
    -0.161138514   -0.216542093   -0.068002926    0.616192733   -0.031314160
     0.069993106    0.017230801    0.157654303   -0.239634002    0.184803197
    -0.037379945    0.154152543    0.069565126   -0.482642635    0.004528908
    -0.203306627    0.055511807    0.089875267   -0.564892702    0.178165659
    -0.072876691    0.157018674   -0.470046619   -0.327403266
    -0.063172491    0.590703184   -1.147691173   -0.638220423    0.864701383
     0.027175837   -0.105514342    0.048761508   -0.025035755    0.110339416
     0.003146752   -0.002778318   -0.611662554    0.442990064   -0.715562080
     0.585954321   -0.054730236    0.535221471    0.001880313    1.345752337
    -0.220028045   -0.364401014    0.295907540   -0.011402044    0.366412310
    -0.214983561   -0.160306118   -0.058980231   -0.000928048
     0.005904287   -0.101308759    0.068451565    0.143535564    0.132564209
     0.077812473    0.034839028   -0.004306674    0.015260510    0.326789821
    -0.142409489    0.207090116    0.136765334    0.640845016   -0.042721685
    -0.018273212    0.049038549    0.164616695   -0.399292585   -0.055315109
     0.070608584    0.015989999    0.157871636    0.241235208    0.024803552
     0.023685020    0.221848647    0.145953798   -0.140393386
    -0.090459501    0.857732445   -0.261814136    0.429875125   -0.315436550
    -0.002303184    0.019361606    0.373546201   -0.025014498   -0.571466594
    -0.079828290    0.065107107    0.311524669   -0.216637920   -0.413502652
     0.279673011    0.057708883    0.409589089   -0.100454808   -0.249837717
    -0.241153884    0.785595583   -0.461363770    0.232066322   -0.068095928
     0.342753008   -0.483393621   -0.128748674   -0.047839851
    -0.204106436    0.982095704    0.191517445    0.725472872    0.277697454
     0.130434413    0.617112989   -0.245903939   -0.149482042   -0.209416497
     0.008282099   -0.003261745   -0.101378118   -0.507525383   -0.206879722
    -0.338925579   -0.169707173    0.226639821    0.018734302   -0.471252145
    -1.070212612    0.893806297   -0.414810245   -0.005646119    0.080326257
     0.474005467    0.610765255    0.276054668    0.024502406
     0.046380581   -0.251616050    0.082424516   -0.155191530    0.056244259
     0.015915729    0.242992859   -0.132333629   -0.059372689   -0.598149108
     0.028776589    0.000869845    0.349770509    0.292752264    0.320384971
    -0.155349467   -0.477544657    0.076097404    0.041971725   -0.032365094
     0.024543418   -0.233445971    0.264224576   -0.007903429    0.061973735
    -0.136357069    0.138562734    0.004376983    0.097403747
    -0.000199049    0.004620248   -0.003063321   -0.005874368   -0.006603290
    -0.006144784   -0.001782411   -0.000182379   -0.002703630   -0.016026046
     0.156885387    0.975769068   -0.008407033   -0.029480016    0.002197582
     0.000773461   -0.003231820   -0.007821804    0.032233576    0.002464589
    -0.003190462   -0.000469998   -0.008151248   -0.012777582   -0.001163139
    -0.001012545   -0.011504044   -0.005548920    0.008722778
    -0.000398493    0.004822200   -0.003329732   -0.004731136   -0.005681355
    -0.002332782   -0.001159808    0.000245607    0.000360119   -0.009537446
    -0.981659764    0.143789624   -0.005482165   -0.027638818    0.001490676
     0.000970254   -0.005889015   -0.005946449    0.012010684    0.002362929
    -0.003154023   -0.001005091   -0.006069929   -0.013803152   -0.000353938
    -0.000856915   -0.011233004   -0.002252572    0.008224067
     0.003921619   -0.000020029   -0.002119208   -0.012234131   -0.028327948
     0.008762353   -0.003842847    0.004273506   -0.086151628   -0.042330560
     0.275418000    0.345031213   -0.107130711   -0.012733549   -0.018897872
     0.020397170   -0.017985043   -0.026761821   -0.607569703   -0.005491660
     0.033995869    0.006688572   -0.065485860   -0.050007274   -0.008743772
    -0.004920474   -0.059853643   -0.016964669    0.894298190
     0.004134575   -0.096125429   -0.023173393   -0.172041473   -0.059507506
     0.030473125   -0.052121033   -0.013419278    0.076737262   -0.268304086
    -0.289489774    0.212261663   -0.402906745   -0.149193775   -0.058779409
    -0.006122914    0.041268651   -0.187160490   -0.525494500    0.041762978
     0.100991287   -0.103830911    0.167234204    0.598585470   -0.072918330
    -0.043242827   -0.018546214    0.058249912   -0.407576453
     0.033938747   -0.152075231    0.005972975   -0.206312953    0.198625333
    -0.328193065   -0.077424162    0.026090195    0.099630816    0.047596890
    -0.088918216    0.055575638    0.608672762   -0.195586785    0.122155095
    -0.027799688    0.270477020   -0.200756491    0.140790712    0.104557213
     0.103811285   -0.028072812   -0.347194104    0.453741681   -0.022331590
    -0.049722311    0.384738242   -0.672527637    0.159829654
 BETA  SPIN
    -0.811028409   -0.120374505   -0.002021490   -0.016123837   -0.208446479
     0.000009980   -0.005633210   -0.072825263    0.000000021    0.005879850
     0.000000384    0.000004966    0.007241461    0.000560144   -0.212778603
    -0.090630979   -0.000528820    0.006026359   -0.000002105    0.050594802
     0.020722387   -0.004492775   -0.004547912    0.000001303    0.075218706
     0.031133289    0.004847227   -0.003732640    0.000001622
     0.337746535    0.169845145    0.040372268   -0.014805767   -0.371144427
    -0.000016673   -0.005172713   -0.129667293   -0.000001890   -0.006988576
     0.000000353    0.000008841    0.012893611    0.000514354   -0.266841291
    -0.122234718   -0.000485591    0.004518496   -0.000003871    0.212718231
     0.080521391   -0.013531718   -0.004640386    0.000002335    0.235329212
     0.090081236    0.013857195   -0.003891760    0.000002628
     0.511242995   -0.442095827   -0.169762014    0.050711904   -0.087073526
     0.000047864    0.017717295   -0.030421010    0.000008125    0.015936585
    -0.000001208    0.000002074    0.003024947   -0.001761739   -0.267610414
    -0.070781336    0.001663218    0.022083014   -0.000003233   -0.113726507
    -0.005719752    0.014436162   -0.010230248   -0.000001241   -0.191172405
    -0.038463610   -0.015550970   -0.012794401   -0.000002243
    -0.078876141    0.053338105    0.021281376    0.431085992   -0.010300429
    -0.000005830    0.150609168   -0.003598676   -0.000001020   -0.001894843
    -0.000010269    0.000000245    0.000357838   -0.014975989    0.014357776
     0.000738503    0.014138499   -0.002217200    0.000000169    0.357152474
     0.145670917   -0.007147131    0.011951436    0.000004605   -0.301190816
    -0.132674352   -0.002329495   -0.009845628   -0.000003915
     0.000050597   -0.000209649   -0.000034649    0.000096256    0.000007762
     0.062017007    0.000049785    0.000116081   -1.083342590    0.000078067
     0.087083305   -0.109752438    0.000276084   -0.000072889    0.000047694
     0.000010257    0.000333413   -0.000011192    0.107484242   -0.000067584
    -0.000024028   -0.000026587   -0.000122052    0.007267039    0.000155242
     0.000004560    0.000305755   -0.000164863    0.390997543
     0.000055595   -0.000241014    0.000165210    0.000052380    0.000101378
    -1.138850397    0.000183407   -0.000213380    0.500726200    0.000473057
     0.244192622    0.160065751    0.000176714    0.000613959   -0.000064463
     0.000355948   -0.000192463   -0.000068219   -0.026534136    0.000254530
    -0.000394470    0.000091797    0.000438660    0.001791593    0.000416335
    -0.000385522   -0.000179290    0.000040736    0.104195300
     0.272203540   -1.941857981    4.119140277    0.078650324   -0.080694717
     0.000066380    0.487892546    1.189648955   -0.000366622    0.043565735
    -0.000074862   -0.000023079   -0.110725306   -0.083142848    0.132128602
    -2.517973260   -0.037634852    0.010231207    0.000023065    0.142428457
    -1.099836283   -0.116886350   -0.038740000    0.000194108    0.136953750
     0.044792073    0.326013646    0.124075619    0.000107568
    -0.146138551    0.896994690   -1.111220282   -0.360338448   -0.241401359
     0.001648419    2.376526565    0.205976177    0.004980435   -0.138207134
     0.006129060   -0.003405628    0.147325519   -0.059496593    0.078091493
    -0.101877363   -0.292784634    0.122336045   -0.000409134   -0.541574838
    -1.320446473    0.200882607   -0.303539323   -0.021731575   -0.373500652
     2.584912442   -0.086553531    0.010623618    0.000030800
     0.123519295   -0.628839238   -0.331168283    0.488087175    0.445400818
     0.024567054    0.186358278   -0.878238083    0.066267784   -0.119428563
     0.084100312   -0.046826603   -0.157839020   -0.198363078   -0.533814881
     1.577440286    0.006502347   -0.080931314   -0.005316428    0.182839661
    -0.902400958    0.182665297    0.007783457   -0.293529970   -0.073159657
     0.730317883    0.356920517    0.428869482    0.000093063
     0.073513248   -0.087385044    0.229375554   -0.282471523    0.405440411
     0.014832563   -0.186914303   -0.963042085    0.040286530   -0.137973741
     0.051264332   -0.028526679   -0.119813879    0.172064306    0.511640238
    -0.031741972    0.017769310    0.637133560   -0.003125637   -0.156353135
     0.435318627    0.191925320    0.135553261   -0.178828211   -0.313077713
    -0.281031585   -0.380318873   -0.006615597   -0.000043493
    -0.036182783   -0.101936274   -0.167629626    0.054038442    0.275859734
     0.002112530   -0.324964400   -0.955989644    0.005467076    0.147876464
     0.007004174   -0.003712184    0.313332290    0.029738732    0.583659049
    -0.129758226    0.053557555   -0.618730047   -0.000574757   -0.142376080
     0.122507457    0.013797855    0.287280999   -0.024241613   -0.468562753
     0.013562574    0.316332936    0.206053555    0.000078777
    -0.102736485    0.661520525    0.268329019    0.774408101    0.051970290
     0.009290339   -0.157612415   -0.218657938    0.025260620    0.020145554
     0.032128871   -0.017817118    0.022155262   -0.365980740    0.455223798
    -0.520794456    0.043702255    0.447434645   -0.002070388    0.178381876
    -1.037577591    0.478701314   -0.357392499   -0.112275189    0.231395562
    -0.054804645    0.195230416    0.251927200    0.000079026
    -0.120898824    0.192642557    3.492626178    0.067874926    0.061073261
     0.000342686    0.364084528   -1.333168104    0.000599301   -0.544446259
     0.001327589   -0.000707028    0.135704426   -0.122286420   -0.513944310
     0.299871331   -0.051284937    0.232656650   -0.000076950   -0.939926489
    -1.751223280    0.536724392   -0.237849599   -0.004888176   -0.304511329
    -1.843215643   -0.494967973   -0.116385993   -0.000048830
    -0.012297593   -0.065876319   -0.090829705    0.166892294    0.095721995
    -0.033012293   -0.496622128   -0.103582137   -0.087526528    0.109160413
    -0.111476481    0.062080461    0.110432184    0.111130502    0.056061990
    -0.000562462    0.260151601    0.237423223    0.006914695   -0.345044814
     0.567919219   -0.682579727   -0.189837456    0.389489556   -0.481101397
     0.156788025   -0.045135129    0.099114553    0.000076897
    -0.027009592    0.092257185   -0.004304782   -0.198177886    0.011951929
     0.001539461    0.014724883    0.020548783    0.004663539    0.495073624
     0.006513957   -0.003334813   -0.093518976   -0.565575658   -0.142622371
     0.037140774   -0.270593878   -0.075458271   -0.000188639    0.016446664
     0.124512313    0.078587089   -0.114195156   -0.021686015   -0.137809778
     0.060041744   -0.128670052    0.084329135    0.000346881
    -0.026549104   -0.027632888   -0.026053066   -0.073233112   -0.187118402
     0.007452229   -0.232306053    0.127184192    0.020236807   -0.079176743
     0.025602539   -0.014268884   -0.415342253   -0.220082325   -0.074764406
    -0.027285435   -0.017997637    0.432954205   -0.001787652   -0.157225147
     0.343926699   -0.000180021    0.677854234   -0.089802437   -0.247924472
    -0.061431216    0.438149472    0.385751791   -0.000007298
     0.000002948   -0.000150926   -0.000088870   -0.000069525    0.000061179
     0.059460994    0.000003205   -0.000109093   -0.276573809    0.000131436
     0.135895982    0.322127192    0.000116941   -0.000057525    0.000035504
     0.000074337    0.000436770   -0.000061897    0.826804636   -0.000004358
    -0.000039732   -0.000189612    0.000138124   -0.002390386    0.000000483
     0.000041188    0.000188703    0.000093232   -0.131740053
     0.008803785   -0.079461650    0.007545446    0.110994447   -0.030926345
    -0.003607726   -0.079324431   -0.174106731   -0.008231946   -0.059403487
    -0.010221002    0.006020607   -0.815200557   -0.011098474    0.033864401
     0.083945317   -0.108166084   -0.101406178    0.001000031    0.055427899
    -0.140871341   -0.071626661   -0.005552016    0.037041253    0.025302194
    -0.026350618    0.184961186   -0.211592599    0.001071293
    -0.000023856    0.000068082   -0.000024439   -0.000004712   -0.000015660
    -0.118637110    0.000020158    0.000112826    0.094082630    0.000145923
     0.109572998   -0.074467546    0.000610598    0.000275642   -0.000032694
    -0.000077578   -0.000046872    0.000110492    0.350647356   -0.000012297
     0.000120252   -0.000015827    0.000362202    0.017407410    0.000015513
    -0.000043092   -0.000449167    0.000298715    0.944853215
     0.050983485   -0.264083389    0.095782209   -0.094095774    0.191020013
     0.006734161    0.017222454   -0.396212955    0.017451062    0.136326635
     0.022286422   -0.012309615    0.243113570   -0.331044352    0.231086489
     0.203019087    0.045079095   -0.014545999   -0.001503433    0.036016325
    -0.322797137   -0.300895332    0.591821192   -0.077474941    0.234897899
    -0.108212046   -0.064009847   -0.601762399   -0.000081003
    -0.196165157    1.089876258    0.218217662    0.178213575   -0.348233630
     0.008717769   -1.209404130    1.037579716    0.024113020   -0.533020004
     0.030955335   -0.017063828    0.101013498    0.159825592   -0.559376176
    -0.954667950    0.135172277    0.313612606   -0.001963457   -0.302947307
     1.025324010    0.519118931   -0.119751209   -0.107513752   -1.093259679
     0.174791217   -0.435533527   -0.636397225   -0.000096354
     0.002182934    0.082481839   -0.070641739   -0.203880998   -0.059364126
    -0.007766524    0.058874685    0.184634863   -0.018442940   -0.805307812
    -0.023569091    0.013552303    0.159170814   -0.529767727    0.074945375
    -0.308967757    0.099507523   -0.038200260    0.001407555   -0.158786011
     0.251313174   -0.055843612   -0.222042649    0.083130571   -0.082552761
     0.080743572   -0.120752345   -0.026841205    0.000272801
    -0.013783215    0.087958331   -0.174132801    0.162761830   -0.114009148
    -0.000830890    0.053909563   -0.037849428   -0.003941170   -0.113758627
    -0.004071201    0.002389375   -0.335094584    0.454439820    0.023140841
    -0.130020094   -0.562506701   -0.071435610    0.000287754   -0.070923611
     0.134032308   -0.213916703    0.354777590    0.014874031    0.078532344
     0.058682810   -0.713262084    0.464586303   -0.000275965
    -0.017443314   -0.028759043    0.095587267   -0.269417554   -0.068894313
     0.078024713   -0.151660220    0.347584030    0.210224991    0.049132780
     0.267215873   -0.148679204    0.119752123    0.299251377    0.048119299
    -0.347353081   -0.045794443   -0.058178731   -0.016896833    0.065244805
     0.368930625   -0.608715791   -0.167071309   -0.932013073   -0.143853365
    -0.205445827   -0.112025601   -0.118705788   -0.000009919
    -0.033290213    0.164625199   -0.016157486   -0.326274672   -0.068894307
     0.010620503    0.044814815   -0.007078429    0.028580737    0.112456285
     0.036471477   -0.020005819   -0.458204562   -0.253545720   -0.130104503
    -0.037175914    0.846973145   -0.051552917   -0.002714085    0.176907870
    -0.208521409    0.077490791    0.329885961   -0.126395434    0.012433728
     0.056915160   -0.391057522    0.230597933    0.000117329
     0.009922101    0.026530628   -0.795563860    1.119903957   -0.346603570
     0.012942495    0.312372468    0.270995474    0.035236132    0.080313519
     0.044240415   -0.024686850    0.140576150   -0.854742572    0.255207868
    -0.079681976    0.110741851   -0.266081717   -0.002801668   -1.361034460
     0.933982534    0.611107555   -0.319132416   -0.155420317    0.929662975
     0.291254422    0.519226502    0.255296223    0.000093190
     0.000008740   -0.000003972    0.000020111    0.000008993    0.000063762
     0.007883788    0.000032283   -0.000024738   -0.003889317    0.000059231
    -0.561537195    0.840557534   -0.000034924    0.000193836   -0.000014215
     0.000059679   -0.000165121   -0.000083646   -0.431633090    0.000018796
    -0.000030074   -0.000030508   -0.000084670    0.003103626    0.000017841
    -0.000008947   -0.000215628    0.000015791    0.166259812
     0.000026158   -0.000108622    0.000032070    0.000057154    0.000015928
     0.305335881    0.000047142    0.000076655   -0.099282414    0.000008601
     0.827145187    0.559680158    0.000212154    0.000180889    0.000065839
     0.000069160   -0.000100600    0.000092777   -0.471095549   -0.000042360
     0.000134655    0.000054422   -0.000068638    0.006551981    0.000005351
    -0.000065473    0.000162516   -0.000082207    0.354930548
     0.116485006   -0.602674067    0.217163352   -0.122930866   -1.357882910
     0.000974897   -0.271739023   -0.880294653    0.002590291    0.144183963
     0.003298450   -0.001528267    0.797274132    0.135103291    1.265494476
     0.817776106    0.038511097   -1.092914457    0.000013285   -0.073611070
    -0.457243284    0.282609329   -0.071630885   -0.011400521   -0.618332719
    -0.421020985   -0.437803643   -0.159348674   -0.000085258
