 Methane DF-BP86/def2-SVP                                                       
 PNBOs in the AO basis:
 -------------------------------------------------------------------------------
 ALPHA SPIN
     0.987362772    0.041665402   -0.009554273    0.000000000    0.000000000
     0.000000000    0.000000000    0.000000000    0.000000000    0.000000000
     0.000000000    0.000000000    0.000000000    0.000000000    0.000000000
     0.000000000    0.000000000    0.000000000    0.000000000    0.000000000
     0.000000000    0.000000000    0.000000000    0.000000000    0.000000000
     0.000000000    0.000000000    0.000000000    0.000000000
    -0.000072048    0.000112225    0.000185032    0.000000000    0.000000008
     0.467554689    0.000000000   -0.000000004    0.669589076   -0.000000465
     0.000000000   -0.000159229    0.000000062    0.000000000    0.000000000
     0.000000000    0.000000000    0.000000000    0.000000000    0.000000000
     0.000000000    0.000000000    0.000000000    0.000000000    0.000000000
     0.000000000    0.000000000    0.000000000    0.000000000
    -0.096472100    0.180136729    0.186583198    0.000000000    0.277083557
    -0.000048017    0.000000000    0.267070986   -0.000057690   -0.002155768
     0.000000000   -0.000004840   -0.010614948    0.000000000    0.323484894
     0.191343574    0.000000000   -0.014983765    0.000000330    0.000000000
     0.000000000    0.000000000    0.000000000    0.000000000    0.000000000
     0.000000000    0.000000000    0.000000000    0.000000000
    -0.096487979    0.180180101    0.186585804    0.240030229   -0.138596029
    -0.000048028    0.231275155   -0.133511450   -0.000057689   -0.002262767
    -0.000004321    0.000002510    0.005543921   -0.009493870    0.000000000
     0.000000000    0.000000000    0.000000000    0.000000000    0.323519239
     0.191366822   -0.012428529    0.007106721    0.000000257    0.000000000
     0.000000000    0.000000000    0.000000000    0.000000000
    -0.096487979    0.180180101    0.186585804   -0.240030229   -0.138596029
    -0.000048028   -0.231275155   -0.133511450   -0.000057689   -0.002262767
     0.000004321    0.000002510    0.005543921    0.009493870    0.000000000
     0.000000000    0.000000000    0.000000000    0.000000000    0.000000000
     0.000000000    0.000000000    0.000000000    0.000000000    0.323519239
     0.191366822    0.012428529    0.007106721    0.000000257
     0.215403510   -0.402210418   -0.416604133    0.000000000   -0.618673902
     0.000107212    0.000000000   -0.596317772    0.000128810    0.004813412
     0.000000000    0.000010806    0.023701123    0.000000000    1.086697308
     0.642789045    0.000000000   -0.050335632    0.000001110    0.000000000
     0.000000000    0.000000000    0.000000000    0.000000000    0.000000000
     0.000000000    0.000000000    0.000000000    0.000000000
     0.215233320   -0.401923241   -0.416212282   -0.535429424    0.309162693
     0.000107134   -0.515899698    0.297820649    0.000128686    0.005047498
     0.000009638   -0.000005599   -0.012366686    0.021177737    0.000000000
     0.000000000    0.000000000    0.000000000    0.000000000    1.085908854
     0.642332514   -0.041716992    0.023854071    0.000000863    0.000000000
     0.000000000    0.000000000    0.000000000    0.000000000
     0.215233320   -0.401923241   -0.416212282    0.535429424    0.309162693
     0.000107134    0.515899698    0.297820649    0.000128686    0.005047498
    -0.000009638   -0.000005599   -0.012366686   -0.021177737    0.000000000
     0.000000000    0.000000000    0.000000000    0.000000000    0.000000000
     0.000000000    0.000000000    0.000000000    0.000000000    1.085908854
     0.642332514    0.041716992    0.023854071    0.000000863
    -0.047479849    0.254939066   -0.248730780    0.000000000    0.005265746
    -0.000353673    0.000000000   -0.006186302    0.000322133   -0.987337528
     0.000000000   -0.000010186   -0.039755040    0.000000000    0.000000000
     0.000000000    0.000000000    0.000000000    0.000000000    0.000000000
     0.000000000    0.000000000    0.000000000    0.000000000    0.000000000
     0.000000000    0.000000000    0.000000000    0.000000000
    -0.318292299    1.665955530   -1.579177000    0.000000000   -0.000003600
     0.000009320    0.000000000   -0.000002511    0.000013556    0.153451043
     0.000000000    0.000000000    0.000003082    0.000000000    0.000000000
     0.000000000    0.000000000    0.000000000    0.000000000    0.000000000
     0.000000000    0.000000000    0.000000000    0.000000000    0.000000000
     0.000000000    0.000000000    0.000000000    0.000000000
     0.000000000    0.000000000    0.000000000    1.027591021    0.000000000
     0.000000000   -1.039323476    0.000000000    0.000000000    0.000000000
     0.000000000    0.000000000    0.000000000    0.000000000    0.000000000
     0.000000000    0.000000000    0.000000000    0.000000000    0.000000000
     0.000000000    0.000000000    0.000000000    0.000000000    0.000000000
     0.000000000    0.000000000    0.000000000    0.000000000
    -0.000241973    0.001373915   -0.001420528    0.000000000   -1.027603593
     0.000000026    0.000000000    1.039280117    0.000000033   -0.005477716
     0.000000000    0.000000000   -0.000220560    0.000000000    0.000000000
     0.000000000    0.000000000    0.000000000    0.000000000    0.000000000
     0.000000000    0.000000000    0.000000000    0.000000000    0.000000000
     0.000000000    0.000000000    0.000000000    0.000000000
    -0.000019335    0.000090746   -0.000074517    0.000000000    0.000001724
     1.084403592    0.000000000   -0.000002035   -0.972722475   -0.000323998
     0.000000000    0.000000000   -0.000013046    0.000000000    0.000000000
     0.000000000    0.000000000    0.000000000    0.000000000    0.000000000
     0.000000000    0.000000000    0.000000000    0.000000000    0.000000000
     0.000000000    0.000000000    0.000000000    0.000000000
     0.000000000    0.000000000    0.000000000    0.013388852    0.000000000
     0.000000000    0.012900496    0.000000000    0.000000000    0.000000000
     0.000000000    0.000000000    0.000000000    0.999735252    0.000000000
     0.000000000    0.000000000    0.000000000    0.000000000    0.000000000
     0.000000000    0.000000000    0.000000000    0.000000000    0.000000000
     0.000000000    0.000000000    0.000000000    0.000000000
     0.000000000    0.000000000    0.000000000    0.000006092    0.000000000
     0.000000000    0.000005870    0.000000000    0.000000000    0.000000000
     1.000000000    0.000000000    0.000000000   -0.000000241    0.000000000
     0.000000000    0.000000000    0.000000000    0.000000000    0.000000000
     0.000000000    0.000000000    0.000000000    0.000000000    0.000000000
     0.000000000    0.000000000    0.000000000    0.000000000
    -0.000000444    0.000002519   -0.000002602    0.000000000    0.000006036
     0.000074444    0.000000000    0.000005702    0.000106621   -0.000010055
     0.000000000    0.999999987   -0.000000638    0.000000000    0.000000000
     0.000000000    0.000000000    0.000000000    0.000000000    0.000000000
     0.000000000    0.000000000    0.000000000    0.000000000    0.000000000
     0.000000000    0.000000000    0.000000000    0.000000000
    -0.001754751    0.009890497   -0.010152084    0.000000000    0.013150013
     0.000000125    0.000000000    0.012672310    0.000000155   -0.039287985
     0.000000000    0.000000000    0.998953427    0.000000000    0.000000000
     0.000000000    0.000000000    0.000000000    0.000000000    0.000000000
     0.000000000    0.000000000    0.000000000    0.000000000    0.000000000
     0.000000000    0.000000000    0.000000000    0.000000000
     0.000000000    0.000000000    0.000000000    0.000000000    0.000000000
     0.000000000    0.000000000    0.000000000    0.000000000    0.000000000
     0.000000000    0.000000000    0.000000000    0.000000000   -0.000860007
     0.000951568    0.000000000    0.000110229   -0.999999732    0.000000000
     0.000000000    0.000000000    0.000000000    0.000000000    0.000000000
     0.000000000    0.000000000    0.000000000    0.000000000
     0.000000000    0.000000000    0.000000000    0.000000000    0.000000000
     0.000000000    0.000000000    0.000000000    0.000000000    0.000000000
     0.000000000    0.000000000    0.000000000    0.000000000   -1.110213445
     1.234800502    0.000000000    0.346794866    0.000717348    0.000000000
     0.000000000    0.000000000    0.000000000    0.000000000    0.000000000
     0.000000000    0.000000000    0.000000000    0.000000000
     0.000000000    0.000000000    0.000000000    0.000000000    0.000000000
     0.000000000    0.000000000    0.000000000    0.000000000    0.000000000
     0.000000000    0.000000000    0.000000000    0.000000000    0.000000000
     0.000000000    1.000000000    0.000000000    0.000000000    0.000000000
     0.000000000    0.000000000    0.000000000    0.000000000    0.000000000
     0.000000000    0.000000000    0.000000000    0.000000000
     0.000000000    0.000000000    0.000000000    0.000000000    0.000000000
     0.000000000    0.000000000    0.000000000    0.000000000    0.000000000
     0.000000000    0.000000000    0.000000000    0.000000000   -0.433576144
     0.443295780    0.000000000   -0.937411862    0.000147770    0.000000000
     0.000000000    0.000000000    0.000000000    0.000000000    0.000000000
     0.000000000    0.000000000    0.000000000    0.000000000
     0.000000000    0.000000000    0.000000000    0.000000000    0.000000000
     0.000000000    0.000000000    0.000000000    0.000000000    0.000000000
     0.000000000    0.000000000    0.000000000    0.000000000    0.000000000
     0.000000000    0.000000000    0.000000000    0.000000000   -0.000839652
     0.000928987    0.000097702   -0.000062023   -0.999999743    0.000000000
     0.000000000    0.000000000    0.000000000    0.000000000
     0.000000000    0.000000000    0.000000000    0.000000000    0.000000000
     0.000000000    0.000000000    0.000000000    0.000000000    0.000000000
     0.000000000    0.000000000    0.000000000    0.000000000    0.000000000
     0.000000000    0.000000000    0.000000000    0.000000000   -1.097966273
     1.221651626    0.316322608   -0.197648960    0.000699037    0.000000000
     0.000000000    0.000000000    0.000000000    0.000000000
     0.000000000    0.000000000    0.000000000    0.000000000    0.000000000
     0.000000000    0.000000000    0.000000000    0.000000000    0.000000000
     0.000000000    0.000000000    0.000000000    0.000000000    0.000000000
     0.000000000    0.000000000    0.000000000    0.000000000   -0.021236189
     0.023202492    0.491895789    0.870473462    0.000006605    0.000000000
     0.000000000    0.000000000    0.000000000    0.000000000
     0.000000000    0.000000000    0.000000000    0.000000000    0.000000000
     0.000000000    0.000000000    0.000000000    0.000000000    0.000000000
     0.000000000    0.000000000    0.000000000    0.000000000    0.000000000
     0.000000000    0.000000000    0.000000000    0.000000000   -0.463191326
     0.477760592   -0.810737874    0.450541499    0.000156220    0.000000000
     0.000000000    0.000000000    0.000000000    0.000000000
     0.000000000    0.000000000    0.000000000    0.000000000    0.000000000
     0.000000000    0.000000000    0.000000000    0.000000000    0.000000000
     0.000000000    0.000000000    0.000000000    0.000000000    0.000000000
     0.000000000    0.000000000    0.000000000    0.000000000    0.000000000
     0.000000000    0.000000000    0.000000000    0.000000000   -0.000839652
     0.000928987   -0.000097702   -0.000062023   -0.999999743
     0.000000000    0.000000000    0.000000000    0.000000000    0.000000000
     0.000000000    0.000000000    0.000000000    0.000000000    0.000000000
     0.000000000    0.000000000    0.000000000    0.000000000    0.000000000
     0.000000000    0.000000000    0.000000000    0.000000000    0.000000000
     0.000000000    0.000000000    0.000000000    0.000000000   -1.097966273
     1.221651626   -0.316322608   -0.197648960    0.000699037
     0.000000000    0.000000000    0.000000000    0.000000000    0.000000000
     0.000000000    0.000000000    0.000000000    0.000000000    0.000000000
     0.000000000    0.000000000    0.000000000    0.000000000    0.000000000
     0.000000000    0.000000000    0.000000000    0.000000000    0.000000000
     0.000000000    0.000000000    0.000000000    0.000000000   -0.021236189
     0.023202492   -0.491895789    0.870473462    0.000006605
     0.000000000    0.000000000    0.000000000    0.000000000    0.000000000
     0.000000000    0.000000000    0.000000000    0.000000000    0.000000000
     0.000000000    0.000000000    0.000000000    0.000000000    0.000000000
     0.000000000    0.000000000    0.000000000    0.000000000    0.000000000
     0.000000000    0.000000000    0.000000000    0.000000000   -0.463191326
     0.477760592    0.810737874    0.450541499    0.000156220
 BETA  SPIN
     0.987362772    0.041665402   -0.009554273    0.000000000    0.000000000
     0.000000000    0.000000000    0.000000000    0.000000000    0.000000000
     0.000000000    0.000000000    0.000000000    0.000000000    0.000000000
     0.000000000    0.000000000    0.000000000    0.000000000    0.000000000
     0.000000000    0.000000000    0.000000000    0.000000000    0.000000000
     0.000000000    0.000000000    0.000000000    0.000000000
    -0.095030535    0.181414955    0.175664299    0.000000000    0.270927029
    -0.000025480    0.000000000    0.258763047   -0.000017341   -0.011236198
     0.000000000   -0.000007303   -0.010112209    0.000000000    0.327905226
     0.204027007    0.000000000   -0.016698301    0.000003563    0.000000000
     0.000000000    0.000000000    0.000000000    0.000000000    0.000000000
     0.000000000    0.000000000    0.000000000    0.000000000
    -0.095045719    0.181457318    0.175664970    0.234714733   -0.135536550
    -0.000025491    0.224076760   -0.129349000   -0.000017337   -0.011345088
    -0.000006445    0.000003734    0.005351394   -0.009106640    0.000000000
     0.000000000    0.000000000    0.000000000    0.000000000    0.327949763
     0.204051373   -0.013817982    0.007892874    0.000003479    0.000000000
     0.000000000    0.000000000    0.000000000    0.000000000
    -0.095045719    0.181457318    0.175664970   -0.234714733   -0.135536550
    -0.000025491   -0.224076760   -0.129349000   -0.000017337   -0.011345088
     0.000006445    0.000003734    0.005351394    0.009106640    0.000000000
     0.000000000    0.000000000    0.000000000    0.000000000    0.000000000
     0.000000000    0.000000000    0.000000000    0.000000000    0.327949763
     0.204051373    0.013817982    0.007892874    0.000003479
    -0.000010710   -0.000034011    0.000131331    0.000000000    0.000001445
     0.548829798    0.000000000   -0.000001653    0.593517789   -0.000616810
     0.000000000    0.000000000   -0.000011512    0.000000000    0.000000000
     0.000000000    0.000000000    0.000000000    0.000000000    0.000000000
     0.000000000    0.000000000    0.000000000    0.000000000    0.000000000
     0.000000000    0.000000000    0.000000000    0.000000000
     0.230298536   -0.439643938   -0.425707706    0.000000000   -0.656568946
     0.000061749    0.000000000   -0.627090556    0.000042025    0.027229983
     0.000000000    0.000017698    0.024506091    0.000000000    1.063354327
     0.661633252    0.000000000   -0.054150434    0.000011554    0.000000000
     0.000000000    0.000000000    0.000000000    0.000000000    0.000000000
     0.000000000    0.000000000    0.000000000    0.000000000
     0.230067569   -0.439235396   -0.425214446   -0.568150240    0.328079634
     0.000061703   -0.542399976    0.313102058    0.000041966    0.027461909
     0.000015600   -0.000009038   -0.012953579    0.022043523    0.000000000
     0.000000000    0.000000000    0.000000000    0.000000000    1.062432357
     0.661048748   -0.044764998    0.025569906    0.000011272    0.000000000
     0.000000000    0.000000000    0.000000000    0.000000000
     0.230067569   -0.439235396   -0.425214446    0.568150240    0.328079634
     0.000061703    0.542399976    0.313102058    0.000041966    0.027461909
    -0.000015600   -0.000009038   -0.012953579   -0.022043523    0.000000000
     0.000000000    0.000000000    0.000000000    0.000000000    0.000000000
     0.000000000    0.000000000    0.000000000    0.000000000    1.062432357
     0.661048748    0.044764998    0.025569906    0.000011272
    -0.036280619    0.157747709   -0.114164113    0.000000000   -0.002366946
     0.000661822    0.000000000    0.002706511    0.000048901    0.995808540
     0.000000000    0.000004810    0.018814803    0.000000000    0.000000000
     0.000000000    0.000000000    0.000000000    0.000000000    0.000000000
     0.000000000    0.000000000    0.000000000    0.000000000    0.000000000
     0.000000000    0.000000000    0.000000000    0.000000000
    -0.316678223    1.671975685   -1.600801103    0.000000000    0.000018029
     0.000000000    0.000000000    0.000016908    0.000000000   -0.082578819
     0.000000000    0.000000000   -0.000003840    0.000000000    0.000000000
     0.000000000    0.000000000    0.000000000    0.000000000    0.000000000
     0.000000000    0.000000000    0.000000000    0.000000000    0.000000000
     0.000000000    0.000000000    0.000000000    0.000000000
     0.000000000    0.000000000    0.000000000    1.026104808    0.000000000
     0.000000000   -1.040748890    0.000000000    0.000000000    0.000000000
     0.000000000    0.000000000    0.000000000    0.000000000    0.000000000
     0.000000000    0.000000000    0.000000000    0.000000000    0.000000000
     0.000000000    0.000000000    0.000000000    0.000000000    0.000000000
     0.000000000    0.000000000    0.000000000    0.000000000
    -0.000118950    0.000444428   -0.000225269    0.000000000    1.026131462
     0.000000000    0.000000000   -1.040717327    0.000000000    0.002444238
     0.000000000    0.000000000    0.000046349    0.000000000    0.000000000
     0.000000000    0.000000000    0.000000000    0.000000000    0.000000000
     0.000000000    0.000000000    0.000000000    0.000000000    0.000000000
     0.000000000    0.000000000    0.000000000    0.000000000
     0.000007044   -0.000040869    0.000043141    0.000000000    0.000000726
     1.045621393    0.000000000   -0.000000842   -1.020918860   -0.000309102
     0.000000000    0.000000000   -0.000005822    0.000000000    0.000000000
     0.000000000    0.000000000    0.000000000    0.000000000    0.000000000
     0.000000000    0.000000000    0.000000000    0.000000000    0.000000000
     0.000000000    0.000000000    0.000000000    0.000000000
     0.000000000    0.000000000    0.000000000    0.013252095    0.000000000
     0.000000000    0.012651471    0.000000000    0.000000000    0.000000000
     0.000000000    0.000000000    0.000000000    0.999742951    0.000000000
     0.000000000    0.000000000    0.000000000    0.000000000    0.000000000
     0.000000000    0.000000000    0.000000000    0.000000000    0.000000000
     0.000000000    0.000000000    0.000000000    0.000000000
     0.000000000    0.000000000    0.000000000    0.000009376    0.000000000
     0.000000000    0.000008951    0.000000000    0.000000000    0.000000000
     1.000000000    0.000000000    0.000000000   -0.000000364    0.000000000
     0.000000000    0.000000000    0.000000000    0.000000000    0.000000000
     0.000000000    0.000000000    0.000000000    0.000000000    0.000000000
     0.000000000    0.000000000    0.000000000    0.000000000
     0.000000223   -0.000000851    0.000000461    0.000000000    0.000009282
    -0.000000003    0.000000000    0.000008839    0.000000000   -0.000004782
     0.000000000    1.000000000   -0.000000443    0.000000000    0.000000000
     0.000000000    0.000000000    0.000000000    0.000000000    0.000000000
     0.000000000    0.000000000    0.000000000    0.000000000    0.000000000
     0.000000000    0.000000000    0.000000000    0.000000000
    -0.000855270    0.003294659   -0.001822797    0.000000000   -0.012991536
     0.000000000    0.000000000   -0.012405057    0.000000000    0.018720257
     0.000000000    0.000000000   -0.999575654    0.000000000    0.000000000
     0.000000000    0.000000000    0.000000000    0.000000000    0.000000000
     0.000000000    0.000000000    0.000000000    0.000000000    0.000000000
     0.000000000    0.000000000    0.000000000    0.000000000
     0.000000000    0.000000000    0.000000000    0.000000000    0.000000000
     0.000000000    0.000000000    0.000000000    0.000000000    0.000000000
     0.000000000    0.000000000    0.000000000    0.000000000   -1.048531920
     1.162285622    0.000000000    0.467755528   -0.000070703    0.000000000
     0.000000000    0.000000000    0.000000000    0.000000000    0.000000000
     0.000000000    0.000000000    0.000000000    0.000000000
     0.000000000    0.000000000    0.000000000    0.000000000    0.000000000
     0.000000000    0.000000000    0.000000000    0.000000000    0.000000000
     0.000000000    0.000000000    0.000000000    0.000000000    0.000000000
     0.000000000    1.000000000    0.000000000    0.000000000    0.000000000
     0.000000000    0.000000000    0.000000000    0.000000000    0.000000000
     0.000000000    0.000000000    0.000000000    0.000000000
     0.000000000    0.000000000    0.000000000    0.000000000    0.000000000
     0.000000000    0.000000000    0.000000000    0.000000000    0.000000000
     0.000000000    0.000000000    0.000000000    0.000000000   -0.581033854
     0.599558690    0.000000000   -0.883203069    0.000668176    0.000000000
     0.000000000    0.000000000    0.000000000    0.000000000    0.000000000
     0.000000000    0.000000000    0.000000000    0.000000000
     0.000000000    0.000000000    0.000000000    0.000000000    0.000000000
     0.000000000    0.000000000    0.000000000    0.000000000    0.000000000
     0.000000000    0.000000000    0.000000000    0.000000000   -0.000309252
     0.000321449    0.000000000   -0.000623454   -0.999999774    0.000000000
     0.000000000    0.000000000    0.000000000    0.000000000    0.000000000
     0.000000000    0.000000000    0.000000000    0.000000000
     0.000000000    0.000000000    0.000000000    0.000000000    0.000000000
     0.000000000    0.000000000    0.000000000    0.000000000    0.000000000
     0.000000000    0.000000000    0.000000000    0.000000000    0.000000000
     0.000000000    0.000000000    0.000000000    0.000000000   -1.044139306
     1.156906457    0.406502651   -0.246035569   -0.000058066    0.000000000
     0.000000000    0.000000000    0.000000000    0.000000000
     0.000000000    0.000000000    0.000000000    0.000000000    0.000000000
     0.000000000    0.000000000    0.000000000    0.000000000    0.000000000
     0.000000000    0.000000000    0.000000000    0.000000000    0.000000000
     0.000000000    0.000000000    0.000000000    0.000000000   -0.016594834
     0.018094361    0.495652945    0.868410397   -0.000003117    0.000000000
     0.000000000    0.000000000    0.000000000    0.000000000
     0.000000000    0.000000000    0.000000000    0.000000000    0.000000000
     0.000000000    0.000000000    0.000000000    0.000000000    0.000000000
     0.000000000    0.000000000    0.000000000    0.000000000    0.000000000
     0.000000000    0.000000000    0.000000000    0.000000000   -0.588612233
     0.609593035   -0.767001541    0.430199202    0.000818090    0.000000000
     0.000000000    0.000000000    0.000000000    0.000000000
     0.000000000    0.000000000    0.000000000    0.000000000    0.000000000
     0.000000000    0.000000000    0.000000000    0.000000000    0.000000000
     0.000000000    0.000000000    0.000000000    0.000000000    0.000000000
     0.000000000    0.000000000    0.000000000    0.000000000   -0.000416124
     0.000434413   -0.000652825    0.000363635   -0.999999664    0.000000000
     0.000000000    0.000000000    0.000000000    0.000000000
     0.000000000    0.000000000    0.000000000    0.000000000    0.000000000
     0.000000000    0.000000000    0.000000000    0.000000000    0.000000000
     0.000000000    0.000000000    0.000000000    0.000000000    0.000000000
     0.000000000    0.000000000    0.000000000    0.000000000    0.000000000
     0.000000000    0.000000000    0.000000000    0.000000000   -1.044139306
     1.156906457   -0.406502651   -0.246035569   -0.000058066
     0.000000000    0.000000000    0.000000000    0.000000000    0.000000000
     0.000000000    0.000000000    0.000000000    0.000000000    0.000000000
     0.000000000    0.000000000    0.000000000    0.000000000    0.000000000
     0.000000000    0.000000000    0.000000000    0.000000000    0.000000000
     0.000000000    0.000000000    0.000000000    0.000000000   -0.016594834
     0.018094361   -0.495652945    0.868410397   -0.000003117
     0.000000000    0.000000000    0.000000000    0.000000000    0.000000000
     0.000000000    0.000000000    0.000000000    0.000000000    0.000000000
     0.000000000    0.000000000    0.000000000    0.000000000    0.000000000
     0.000000000    0.000000000    0.000000000    0.000000000    0.000000000
     0.000000000    0.000000000    0.000000000    0.000000000   -0.588612233
     0.609593035    0.767001541    0.430199202    0.000818090
     0.000000000    0.000000000    0.000000000    0.000000000    0.000000000
     0.000000000    0.000000000    0.000000000    0.000000000    0.000000000
     0.000000000    0.000000000    0.000000000    0.000000000    0.000000000
     0.000000000    0.000000000    0.000000000    0.000000000    0.000000000
     0.000000000    0.000000000    0.000000000    0.000000000   -0.000416124
     0.000434413    0.000652825    0.000363635   -0.999999664
