 Methane DF-BP86/def2-SVP                                                       
 NBOs in the AO basis:
 -------------------------------------------------------------------------------
 ALPHA SPIN
     0.986717982    0.046947149   -0.023023748    0.000000000    0.000001907
     0.000000114    0.000000000    0.000000205    0.000000947    0.000045462
     0.000000000    0.000000000   -0.000000562    0.000000000    0.000858777
     0.003185338    0.000000000    0.000021179   -0.000000024    0.000859850
     0.003186713    0.000015308   -0.000008159   -0.000000022    0.000859850
     0.003186713   -0.000015308   -0.000008159   -0.000000022
    -0.000088737    0.000199346    0.000151375    0.000000000   -0.000000006
     0.616977635    0.000000000   -0.000000011    0.524063105   -0.000000465
     0.000000000   -0.000175503    0.000000076    0.000000000   -0.000024640
    -0.000013416    0.000000000   -0.000000065    0.000524732   -0.000024656
    -0.000013430   -0.000000057    0.000000013    0.000434951   -0.000024656
    -0.000013430    0.000000057    0.000000013    0.000434951
    -0.150675183    0.287803126    0.101737705    0.000000000    0.378433687
    -0.000071858    0.000000000    0.162182151   -0.000046796    0.001847555
     0.000000000   -0.000004449   -0.010569431    0.000000000    0.402285410
     0.121221609    0.000000000   -0.019772208    0.000000842   -0.032980326
    -0.019100074   -0.000905618    0.004879385   -0.000000362   -0.032980326
    -0.019100074    0.000905618    0.004879385   -0.000000362
    -0.150588289    0.287231635    0.101341405    0.327833794   -0.189475853
    -0.000071733    0.140231452   -0.081152027   -0.000046696    0.002089607
    -0.000003864    0.000002311    0.005498975   -0.009335508   -0.032612563
    -0.018826657    0.004067782   -0.003912027   -0.000000391    0.402381086
     0.121426168   -0.017191357    0.009951458    0.000000837   -0.032806509
    -0.019119992    0.005047487   -0.001654448   -0.000000360
    -0.150588289    0.287231635    0.101341405   -0.327833794   -0.189475853
    -0.000071733   -0.140231452   -0.081152027   -0.000046696    0.002089607
     0.000003864    0.000002311    0.005498975    0.009335508   -0.032612563
    -0.018826657   -0.004067782   -0.003912027   -0.000000391   -0.032806509
    -0.019119992   -0.005047487   -0.001654448   -0.000000360    0.402381086
     0.121426168    0.017191357    0.009951458    0.000000837
     0.173209377   -0.669889572   -0.141913177    0.000000000   -0.725046048
     0.000121409    0.000000000   -0.371620129    0.000074586    0.007870438
     0.000000000    0.000009616    0.025188889    0.000000000    1.150823835
     0.208343738    0.000000000   -0.043950734    0.000002932   -0.022237328
    -0.003255451   -0.001737215   -0.005596388    0.000001041   -0.022237328
    -0.003255451    0.001737215   -0.005596388    0.000001041
     0.173021427   -0.668595336   -0.141179960   -0.627400717    0.362330764
     0.000121155   -0.321351320    0.185844490    0.000074407    0.008060512
     0.000008617   -0.000005009   -0.013115246    0.022524561   -0.022676659
    -0.003421956   -0.006037332    0.001723454    0.000001134    1.150679856
     0.207311986   -0.036680340    0.020809334    0.000002791   -0.022427936
    -0.003193702   -0.004399319    0.004248770    0.000001056
     0.173021427   -0.668595336   -0.141179960    0.627400717    0.362330764
     0.000121155    0.321351320    0.185844490    0.000074407    0.008060512
    -0.000008617   -0.000005009   -0.013115246   -0.022524561   -0.022676659
    -0.003421956    0.006037332    0.001723454    0.000001134   -0.022427936
    -0.003193702    0.004399319    0.004248770    0.000001056    1.150679856
     0.207311986    0.036680340    0.020809334    0.000002791
    -0.111138881    0.610308430    0.259834786    0.000000000    0.032945902
    -0.000396624    0.000000000    0.012269792    0.000286927   -1.202538976
     0.000000000   -0.000015140   -0.060994911    0.000000000   -0.442726225
    -0.051834646    0.000000000    0.268703797   -0.000092798   -0.391722969
    -0.038231400    0.196774854   -0.103363022   -0.000083832   -0.391722969
    -0.038231400   -0.196774854   -0.103363022   -0.000083832
    -0.221365186    1.788886806   -4.755307542    0.000000000   -0.001238151
     0.000061941    0.000000000   -0.000250587    0.000352178    0.202856414
     0.000000000    0.000000215    0.000814704    0.000000000    0.358439988
     1.123448833    0.000000000   -0.031786298    0.000005181    0.357461549
     1.122609035   -0.025741484    0.014486751    0.000005134    0.357461549
     1.122609035    0.025741484    0.014486751    0.000005134
     0.000000000    0.000000000    0.000000000    0.836064208    0.000000000
     0.000000000   -2.252398150    0.000000000    0.000000000    0.000000000
     0.000005550    0.000000000    0.000000000    0.006160418    0.000000000
     0.000000000    0.034690023    0.000000000    0.000000000    0.327779259
     1.065382261    0.024730201    0.005532677    0.000001130   -0.327779259
    -1.065382261    0.024730201   -0.005532677   -0.000001130
    -0.000093183   -0.000022772   -0.000557212    0.000000000   -0.837145012
     0.000000335    0.000000000    2.250120344    0.000000165   -0.006132267
     0.000000000   -0.000005379   -0.006522124    0.000000000   -0.378995007
    -1.227828769    0.000000000   -0.023495936   -0.000001913    0.187571303
     0.614908122   -0.005040307   -0.029777360    0.000000220    0.187571303
     0.614908122    0.005040307   -0.029777360    0.000000220
    -0.000044509    0.000130282    0.000681040    0.000000000    0.000010388
     1.005061820    0.000000000    0.000003862   -1.062675387   -0.000396457
     0.000000000   -0.000076999   -0.000019860    0.000000000   -0.000200472
    -0.000224263    0.000000000    0.000083787    0.007430914   -0.000184025
    -0.000220185    0.000061315   -0.000032148    0.006742356   -0.000184025
    -0.000220185   -0.000061315   -0.000032148    0.006742356
     0.000000000    0.000000000    0.000000000   -0.382632927    0.000000000
     0.000000000   -0.549682902    0.000000000    0.000000000    0.000000000
     0.000075128    0.000000000    0.000000000    1.366387167    0.000000000
     0.000000000   -0.162092733    0.000000000    0.000000000    0.649250805
     0.206763412   -0.318626921    0.087544567    0.000083570   -0.649250805
    -0.206763412   -0.318626921   -0.087544567   -0.000083570
     0.000000000    0.000000000    0.000000000   -0.000137776    0.000000000
     0.000000000   -0.000275637    0.000000000    0.000000000    0.000000000
     1.068169057    0.000000000    0.000000000    0.000081538    0.000000000
     0.000000000    0.000056773    0.000000000    0.000000000    0.000235438
     0.000121825   -0.000109616    0.000092965   -0.153264182   -0.000235438
    -0.000121825   -0.000109616   -0.000092965    0.153264182
    -0.000000120    0.000000108   -0.000004503    0.000000000   -0.000146892
     0.001020740    0.000000000   -0.000281394    0.002500904   -0.000010977
     0.000000000    1.070005777    0.000084029    0.000000000    0.000274899
     0.000149736    0.000000000   -0.000177949   -0.187575839   -0.000140065
    -0.000071477    0.000098766    0.000000321    0.088291184   -0.000140065
    -0.000071477   -0.000098766    0.000000321    0.088291184
    -0.000689107    0.000301640   -0.005045614    0.000000000   -0.399589833
     0.000001693    0.000000000   -0.568596679   -0.000000436   -0.041567864
     0.000000000    0.000077864    1.370247430    0.000000000    0.751385683
     0.261073967    0.000000000   -0.394477674    0.000099751   -0.388713923
    -0.123260543    0.097149924   -0.209582808   -0.000051375   -0.388713923
    -0.123260543   -0.097149924   -0.209582808   -0.000051375
    -0.000045933    0.000470645   -0.001271495    0.000000000    0.000305631
     0.099436396    0.000000000   -0.000413350    0.242511885   -0.000116781
     0.000000000    0.184772218   -0.000158000    0.000000000   -0.000770981
     0.001723859    0.000000000    0.000252303   -1.091564161    0.000011825
     0.000064926    0.000006763    0.000009249   -0.016795571    0.000011825
     0.000064926   -0.000006763    0.000009249   -0.016795571
    -0.053155832    0.520006784   -1.318441755    0.000000000    0.354492480
    -0.000145017    0.000000000   -0.708274367   -0.000091276   -0.077821369
     0.000000000   -0.000184343   -0.133960909    0.000000000   -0.970331687
     2.245979552    0.000000000    0.526562949    0.000758727   -0.042613974
    -0.069427103    0.013230627    0.005641619    0.000008927   -0.042613974
    -0.069427103   -0.013230627    0.005641619    0.000008927
     0.000000000    0.000000000    0.000000000   -0.082585991    0.000000000
     0.000000000   -0.816010464    0.000000000    0.000000000    0.000000000
     0.000054519    0.000000000    0.000000000   -0.170106435    0.000000000
     0.000000000    1.136707106    0.000000000    0.000000000    0.158248058
     0.430589656    0.022403354    0.053653585   -0.000001636   -0.158248058
    -0.430589656    0.022403354   -0.053653585    0.000001636
     0.111978673   -0.676976362   -1.075128516    0.000000000   -0.738590221
     0.000132870    0.000000000   -0.737447735    0.000114425    0.201445096
     0.000000000    0.000109790    0.331776698    0.000000000    0.374882987
     1.664949722    0.000000000   -1.480388971    0.000234227    0.027517661
    -0.075575388   -0.003603178    0.018032484   -0.000001774    0.027517661
    -0.075575388    0.003603178    0.018032484   -0.000001774
    -0.000046969    0.000473797   -0.001241749    0.000268820   -0.000154962
     0.099142780   -0.000338656    0.000199211    0.244135157   -0.000124642
     0.168783861   -0.097231559    0.000085007   -0.000145566    0.000010748
     0.000066672    0.000011771    0.000001041   -0.018776967   -0.000765970
     0.001672231    0.000225712   -0.000134977   -1.093408433    0.000011706
     0.000070233    0.000005135   -0.000011284   -0.017398301
    -0.057213455    0.543980423   -1.281320095    0.330491151   -0.189401701
    -0.000148169   -0.585293014    0.349831884   -0.000092903   -0.090808643
    -0.000171054    0.000097386    0.080121479   -0.133065424   -0.044835293
    -0.073188783    0.010429756    0.010497241    0.000009877   -0.990661687
     2.192085331    0.491937643   -0.299275454    0.000736273   -0.041578365
    -0.061060374   -0.001531558   -0.014920533    0.000008963
     0.002110349   -0.010160042   -0.040100300   -0.052973002   -0.066346765
     0.000001912   -0.433421504   -0.698728766    0.000002482    0.007306828
     0.000031335    0.000047099   -0.156258308   -0.076763462    0.158086589
     0.433993742    0.061473284   -0.011872378   -0.000001242    0.001603799
     0.062083902    0.546225137    0.997988453    0.000009910   -0.157892930
    -0.438443174   -0.038275370    0.047219160    0.000001842
     0.112299975   -0.671920300   -1.125068715   -0.637763629    0.371090865
     0.000132125   -0.658207934    0.396653273    0.000115983    0.216965175
     0.000101283   -0.000058653   -0.177472941    0.308872120    0.022002400
    -0.083798096    0.014101361   -0.014689327   -0.000001798    0.370033420
     1.737836915   -1.289381185    0.718333476    0.000246342    0.030309799
    -0.070498602    0.019641473   -0.004630697   -0.000001115
    -0.000046969    0.000473797   -0.001241749   -0.000268820   -0.000154962
     0.099142780    0.000338656    0.000199211    0.244135157   -0.000124642
    -0.168783861   -0.097231559    0.000085007    0.000145566    0.000010748
     0.000066672   -0.000011771    0.000001041   -0.018776967    0.000011706
     0.000070233   -0.000005135   -0.000011284   -0.017398301   -0.000765970
     0.001672231   -0.000225712   -0.000134977   -1.093408433
    -0.057213455    0.543980423   -1.281320095   -0.330491151   -0.189401701
    -0.000148169    0.585293014    0.349831884   -0.000092903   -0.090808643
     0.000171054    0.000097386    0.080121479    0.133065424   -0.044835293
    -0.073188783   -0.010429756    0.010497241    0.000009877   -0.041578365
    -0.061060374    0.001531558   -0.014920533    0.000008963   -0.990661687
     2.192085331   -0.491937643   -0.299275454    0.000736273
     0.002110349   -0.010160042   -0.040100300    0.052973002   -0.066346765
     0.000001912    0.433421504   -0.698728766    0.000002482    0.007306828
    -0.000031335    0.000047099   -0.156258308    0.076763462    0.158086589
     0.433993742   -0.061473284   -0.011872378   -0.000001242   -0.157892930
    -0.438443174    0.038275370    0.047219160    0.000001842    0.001603799
     0.062083902   -0.546225137    0.997988453    0.000009910
     0.112299975   -0.671920300   -1.125068715    0.637763629    0.371090865
     0.000132125    0.658207934    0.396653273    0.000115983    0.216965175
    -0.000101283   -0.000058653   -0.177472941   -0.308872120    0.022002400
    -0.083798096   -0.014101361   -0.014689327   -0.000001798    0.030309799
    -0.070498602   -0.019641473   -0.004630697   -0.000001115    0.370033420
     1.737836915    1.289381185    0.718333476    0.000246342
     0.999974472    0.999227837    0.999280407    0.999287215    0.999287215
     0.000520707    0.000520745    0.000520745    0.000001393    0.000000000
     0.000000000    0.000000000    0.000000000    0.000000000    0.000000000
     0.000000000    0.000000000    0.000255119    0.000164584    0.000032866
     0.000000615    0.000258522    0.000168184    0.000035801    0.000000534
     0.000258522    0.000168184    0.000035801    0.000000534
   1  1  1  1  1  1  1  1  1  1  1  1  1  1  1  1  1  1  1  1
   1  1  1  1  1  1  1  1  1
   1  1  2  2  2 22 22 22 21 21 21 21 21 21 21 21 21 21 21 21
  21 21 21 21 21 21 21 21 21
 CR LP BD BD BD BD BD BD RY RY RY RY RY RY RY RY RY RY RY RY 
 RY RY RY RY RY RY RY RY RY 
                *  *  *                                      
                            
   1  1  1  1  1  1  1  1  1  2  3  4  5  6  7  8  9  1  2  3
   4  1  2  3  4  1  2  3  4
   1  1  1  1  1  1  1  1  1  1  1  1  1  1  1  1  1  2  2  2
   2  3  3  3  3  4  4  4  4
   0  0  2  3  4  2  3  4  0  0  0  0  0  0  0  0  0  0  0  0
   0  0  0  0  0  0  0  0  0
   0  0  0  0  0  0  0  0  0  0  0  0  0  0  0  0  0  0  0  0
   0  0  0  0  0  0  0  0  0
   0  0  0  0  0  0  0  0  0  0  0  0  0  0  0  0  0  0  0  0
   0  0  0  0  0  0  0  0  0
   0  0  0  0  0  0  0  0  0  0  0  0  0  0  0  0  0  0  0  0
   0  0  0  0  0  0  0  0  0
   0  0  0  0  0  0  0  0  0  0  0  0  0  0  0  0  0  0  0  0
   0  0  0  0  0  0  0  0  0
   0  0  0  0  0  0  0  0  0  0  0  0  0  0  0  0  0  0  0  0
   0  0  0  0  0  0  0  0  0
   0  0  0  0  0  0  0  0  0  0  0  0  0  0  0  0  0  0  0  0
   0  0  0  0  0  0  0  0  0
   0  0  0  0  0  0  0  0  0  0  0  0  0  0  0  0  0  0  0  0
   0  0  0  0  0  0  0  0  0
   6  1  1  1
 BETA  SPIN
     0.986717982    0.046947149   -0.023023748    0.000000000    0.000001907
     0.000000114    0.000000000    0.000000205    0.000000947    0.000045462
     0.000000000    0.000000000   -0.000000562    0.000000000    0.000858777
     0.003185338    0.000000000    0.000021179   -0.000000024    0.000859850
     0.003186713    0.000015308   -0.000008159   -0.000000022    0.000859850
     0.003186713   -0.000015308   -0.000008159   -0.000000022
    -0.147485440    0.281568045    0.075222380    0.000000000    0.357869403
    -0.000030089    0.000000000    0.140898293   -0.000002639   -0.012365541
     0.000000000   -0.000008406   -0.008988439    0.000000000    0.427846245
     0.151003510    0.000000000   -0.020689693    0.000005324   -0.038232131
    -0.018052168    0.001626467    0.003417095   -0.000001653   -0.038232131
    -0.018052168   -0.001626467    0.003417095   -0.000001653
    -0.147414758    0.281123412    0.074908672    0.310050384   -0.179074531
    -0.000029986    0.121856999   -0.070490031   -0.000002548   -0.012124755
    -0.000007298    0.000004281    0.004691842   -0.007982836   -0.037935146
    -0.017891895    0.004030368   -0.000720399   -0.000001754    0.427903284
     0.151177477   -0.017975474    0.010401188    0.000005323   -0.038044895
    -0.018050090    0.002482494   -0.003047377   -0.000001645
    -0.147414758    0.281123412    0.074908672   -0.310050384   -0.179074531
    -0.000029986   -0.121856999   -0.070490031   -0.000002548   -0.012124755
     0.000007298    0.000004281    0.004691842    0.007982836   -0.037935146
    -0.017891895   -0.004030368   -0.000720399   -0.000001754   -0.038044895
    -0.018050090   -0.002482494   -0.003047377   -0.000001645    0.427903284
     0.151177477    0.017975474    0.010401188    0.000005323
    -0.000059541    0.000143405    0.000890296    0.000000000    0.000013452
     0.691772288    0.000000000    0.000004470    0.441560617   -0.000753539
     0.000000000   -0.000010982   -0.000019788    0.000000000   -0.000287676
    -0.000192133    0.000000000    0.000160811    0.001059630   -0.000270002
    -0.000185263    0.000122932   -0.000066735    0.000961443   -0.000270002
    -0.000185263   -0.000122932   -0.000066735    0.000961443
     0.179360490   -0.688620441   -0.148904732    0.000000000   -0.737765950
     0.000089816    0.000000000   -0.380907515    0.000039621    0.020971334
     0.000000000    0.000012272    0.025794099    0.000000000    1.136918323
     0.222825819    0.000000000   -0.049138655    0.000008862   -0.017550574
    -0.005065271   -0.003818619   -0.004407085    0.000002270   -0.017550574
    -0.005065271    0.003818619   -0.004407085    0.000002270
     0.179148185   -0.687184601   -0.148093041   -0.638237013    0.368495369
     0.000089538   -0.329322547    0.190456732    0.000039410    0.021159434
     0.000010857   -0.000006296   -0.013421184    0.023078291   -0.017974622
    -0.005147563   -0.006028491   -0.000878012    0.000002440    1.136682104
     0.221583907   -0.040816418    0.023120320    0.000008694   -0.017758880
    -0.004984657   -0.002309551    0.005410918    0.000002288
     0.179148185   -0.687184601   -0.148093041    0.638237013    0.368495369
     0.000089538    0.329322547    0.190456732    0.000039410    0.021159434
    -0.000010857   -0.000006296   -0.013421184   -0.023078291   -0.017974622
    -0.005147563    0.006028491   -0.000878012    0.000002440   -0.017758880
    -0.004984657    0.002309551    0.005410918    0.000002288    1.136682104
     0.221583907    0.040816418    0.023120320    0.000008694
     0.045477766   -0.142752756   -1.361289019    0.000000000   -0.021919416
     0.000799781    0.000000000   -0.007305476    0.000073086    1.216531673
     0.000000000    0.000007783    0.032293780    0.000000000    0.493695951
     0.311651503    0.000000000   -0.260537702    0.000090871    0.464862555
     0.300458577   -0.199060560    0.108027761    0.000083689    0.464862555
     0.300458577    0.199060560    0.108027761    0.000083689
    -0.235964091    1.866841476   -4.565196511    0.000000000    0.001704573
     0.000032532    0.000000000    0.000256977    0.000317152   -0.085033235
     0.000000000   -0.000000071   -0.000739831    0.000000000    0.254528837
     1.081162267    0.000000000    0.028349208   -0.000015654    0.255640692
     1.082345771    0.021978727   -0.012126601   -0.000014399    0.255640692
     1.082345771   -0.021978727   -0.012126601   -0.000014399
     0.000000000    0.000000000    0.000000000    0.833740079    0.000000000
     0.000000000   -2.253481803    0.000000000    0.000000000    0.000000000
     0.000005547    0.000000000    0.000000000    0.006157628    0.000000000
     0.000000000    0.034674311    0.000000000    0.000000000    0.328467808
     1.065410049    0.024719000    0.005530171    0.000001130   -0.328467808
    -1.065410049    0.024719000   -0.005530171   -0.000001130
    -0.000422920    0.003090287   -0.001339510    0.000000000    0.834944107
    -0.000000498    0.000000000   -2.251125048   -0.000000147    0.002446952
     0.000000000    0.000005359    0.006260351    0.000000000    0.378533401
     1.228324360    0.000000000    0.024335566    0.000001618   -0.189004588
    -0.614391233    0.005640601    0.029455459   -0.000000470   -0.189004588
    -0.614391233   -0.005640601    0.029455459   -0.000000470
    -0.000023809   -0.000018292    0.001018158    0.000000000    0.000006373
     0.955123820    0.000000000    0.000002100   -1.099520744   -0.000379435
     0.000000000   -0.000076384   -0.000009844    0.000000000   -0.000212419
    -0.000304733    0.000000000    0.000076513    0.007371599   -0.000203776
    -0.000301643    0.000058561   -0.000031780    0.006688537   -0.000203776
    -0.000301643   -0.000058561   -0.000031780    0.006688537
     0.000000000    0.000000000    0.000000000   -0.382894766    0.000000000
     0.000000000   -0.549961643    0.000000000    0.000000000    0.000000000
     0.000075128    0.000000000    0.000000000    1.366397678    0.000000000
     0.000000000   -0.162094041    0.000000000    0.000000000    0.649366001
     0.206830695   -0.318629418    0.087545232    0.000083571   -0.649366001
    -0.206830695   -0.318629418   -0.087545232   -0.000083571
     0.000000000    0.000000000    0.000000000   -0.000132617    0.000000000
     0.000000000   -0.000273276    0.000000000    0.000000000    0.000000000
     1.068169056    0.000000000    0.000000000    0.000081377    0.000000000
     0.000000000    0.000056829    0.000000000    0.000000000    0.000233863
     0.000121775   -0.000109552    0.000092960   -0.153264182   -0.000233863
    -0.000121775   -0.000109552   -0.000092960    0.153264182
     0.000000803   -0.000005440   -0.000000615    0.000000000   -0.000141954
     0.000922500    0.000000000   -0.000279114    0.002417454   -0.000004574
     0.000000000    1.070005791    0.000084336    0.000000000    0.000275214
     0.000148702    0.000000000   -0.000179360   -0.187575920   -0.000137399
    -0.000072503    0.000097713    0.000000910    0.088291114   -0.000137399
    -0.000072503   -0.000097713    0.000000910    0.088291114
    -0.002928399    0.021437603   -0.010190691    0.000000000    0.400401598
    -0.000002841    0.000000000    0.569286550    0.000000677    0.016590462
     0.000000000   -0.000077937   -1.371237056    0.000000000   -0.759494788
    -0.257409063    0.000000000    0.400022695   -0.000101690    0.381710909
     0.127456998   -0.093008838    0.207371350    0.000049649    0.381710909
     0.127456998    0.093008838    0.207371350    0.000049649
    -0.067777789    0.607451806   -1.164560875    0.000000000    0.451412439
    -0.000085871    0.000000000   -0.603242355    0.000079050   -0.103790208
     0.000000000   -0.000056415   -0.176687094    0.000000000   -1.020256217
     2.004577511    0.000000000    0.717748213   -0.000110913   -0.045575154
    -0.058725396    0.013605103    0.003221145   -0.000003724   -0.045575154
    -0.058725396   -0.013605103    0.003221145   -0.000003724
     0.000000000    0.000000000    0.000000000   -0.082585991    0.000000000
     0.000000000   -0.816010464    0.000000000    0.000000000    0.000000000
     0.000054519    0.000000000    0.000000000   -0.170106435    0.000000000
     0.000000000    1.136707106    0.000000000    0.000000000    0.158248058
     0.430589656    0.022403354    0.053653585   -0.000001636   -0.158248058
    -0.430589656    0.022403354   -0.053653585    0.000001636
     0.103709104   -0.600059164   -1.239375370    0.000000000   -0.683076942
     0.000069763    0.000000000   -0.823156588   -0.000002383    0.189357368
     0.000000000    0.000005562    0.311098126    0.000000000    0.235542701
     1.945089117    0.000000000   -1.397588473    0.000798422    0.021918125
    -0.083973107   -0.001812129    0.018627598    0.000006588    0.021918125
    -0.083973107    0.001812129    0.018627598    0.000006588
     0.000049997   -0.000248448   -0.000913052    0.000000000   -0.000329982
     0.099436529    0.000000000   -0.000304953    0.242511916    0.000043190
     0.000000000    0.184772334    0.000109521    0.000000000    0.000106684
     0.001026384    0.000000000   -0.000891586   -1.091564152    0.000055944
     0.000073837   -0.000004381    0.000014749   -0.016795572    0.000055944
     0.000073837    0.000004381    0.000014749   -0.016795572
    -0.069798555    0.618807201   -1.146109725    0.402324822   -0.231342513
    -0.000089607   -0.506760616    0.301219841    0.000073860   -0.114714015
    -0.000057294    0.000031984    0.099433019   -0.167200353   -0.046507262
    -0.062564515    0.008876901    0.012076962   -0.000003792   -1.034990353
     1.980559144    0.635083234   -0.377054878   -0.000099891   -0.044647033
    -0.053225444   -0.003785510   -0.014255492   -0.000003759
     0.001611249   -0.007567247   -0.031404155   -0.050141707   -0.067998238
     0.000002228   -0.428641321   -0.701587021    0.000003858    0.006311369
     0.000032389    0.000046494   -0.155453240   -0.078171596    0.158059819
     0.434590691    0.061374962   -0.011813482   -0.000001392    0.001446878
     0.048200720    0.552226568    0.994673898   -0.000001074   -0.157966064
    -0.437928229   -0.038378208    0.047273300    0.000001700
     0.104885792   -0.604133869   -1.262022342   -0.594863510    0.345918219
     0.000056364   -0.721217345    0.428933682   -0.000038006    0.205344495
    -0.000017068    0.000009763   -0.168150778    0.291407093    0.017964933
    -0.088962641    0.015545098   -0.013472627    0.000010283    0.248292091
     1.972200213   -1.222419269    0.685503665    0.000966395    0.024809982
    -0.079284747    0.019129901   -0.006030779    0.000010071
     0.000065578   -0.000333775   -0.001136256   -0.000373915    0.000217600
     0.099142923   -0.000384199    0.000233562    0.244135189    0.000079578
     0.168783967   -0.097231620   -0.000085142    0.000148137    0.000054262
     0.000057454    0.000013869   -0.000015618   -0.018776966    0.000139398
     0.001368029   -0.000959279    0.000535175   -1.093408277    0.000060210
     0.000066316    0.000019379   -0.000004682   -0.017398301
    -0.069798555    0.618807201   -1.146109725   -0.402324822   -0.231342513
    -0.000089607    0.506760616    0.301219841    0.000073860   -0.114714015
     0.000057294    0.000031984    0.099433019    0.167200353   -0.046507262
    -0.062564515   -0.008876901    0.012076962   -0.000003792   -0.044647033
    -0.053225444    0.003785510   -0.014255492   -0.000003759   -1.034990353
     1.980559144   -0.635083234   -0.377054878   -0.000099891
     0.001611249   -0.007567247   -0.031404155    0.050141707   -0.067998238
     0.000002228    0.428641321   -0.701587021    0.000003858    0.006311369
    -0.000032389    0.000046494   -0.155453240    0.078171596    0.158059819
     0.434590691   -0.061374962   -0.011813482   -0.000001392   -0.157966064
    -0.437928229    0.038378208    0.047273300    0.000001700    0.001446878
     0.048200720   -0.552226568    0.994673898   -0.000001074
     0.104885792   -0.604133869   -1.262022342    0.594863510    0.345918219
     0.000056364    0.721217345    0.428933682   -0.000038006    0.205344495
     0.000017068    0.000009763   -0.168150778   -0.291407093    0.017964933
    -0.088962641   -0.015545098   -0.013472627    0.000010283    0.024809982
    -0.079284747   -0.019129901   -0.006030779    0.000010071    0.248292091
     1.972200213    1.222419269    0.685503665    0.000966395
     0.000065578   -0.000333775   -0.001136256    0.000373915    0.000217600
     0.099142923    0.000384199    0.000233562    0.244135189    0.000079578
    -0.168783967   -0.097231620   -0.000085142   -0.000148137    0.000054262
     0.000057454   -0.000013869   -0.000015618   -0.018776966    0.000060210
     0.000066316   -0.000019379   -0.000004682   -0.017398301    0.000139398
     0.001368029    0.000959279    0.000535175   -1.093408277
     0.999973213    0.999575725    0.999582209    0.999582209    0.000000000
     0.000176002    0.000176110    0.000176110    0.000004582    0.000000000
     0.000000000    0.000000000    0.000000000    0.000000000    0.000000000
     0.000000000    0.000000000    0.000197234    0.000050215    0.000000048
     0.000000000    0.000199191    0.000053926    0.000000053    0.000000000
     0.000199191    0.000053926    0.000000053    0.000000000
   1  1  1  1  1  1  1  1  1  1  1  1  1  1  1  1  1  1  1  1
   1  1  1  1  1  1  1  1  1
   1  2  2  2 21 22 22 22 21 21 21 21 21 21 21 21 21 21 21 21
  21 21 21 21 21 21 21 21 21
 CR BD BD BD LV BD BD BD RY RY RY RY RY RY RY RY RY RY RY RY 
 RY RY RY RY RY RY RY RY RY 
                *  *  *                                      
                            
   1  1  1  1  1  1  1  1  1  2  3  4  5  6  7  8  9  1  2  3
   4  1  2  3  4  1  2  3  4
   1  1  1  1  1  1  1  1  1  1  1  1  1  1  1  1  1  2  2  2
   2  3  3  3  3  4  4  4  4
   0  2  3  4  0  2  3  4  0  0  0  0  0  0  0  0  0  0  0  0
   0  0  0  0  0  0  0  0  0
   0  0  0  0  0  0  0  0  0  0  0  0  0  0  0  0  0  0  0  0
   0  0  0  0  0  0  0  0  0
   0  0  0  0  0  0  0  0  0  0  0  0  0  0  0  0  0  0  0  0
   0  0  0  0  0  0  0  0  0
   0  0  0  0  0  0  0  0  0  0  0  0  0  0  0  0  0  0  0  0
   0  0  0  0  0  0  0  0  0
   0  0  0  0  0  0  0  0  0  0  0  0  0  0  0  0  0  0  0  0
   0  0  0  0  0  0  0  0  0
   0  0  0  0  0  0  0  0  0  0  0  0  0  0  0  0  0  0  0  0
   0  0  0  0  0  0  0  0  0
   0  0  0  0  0  0  0  0  0  0  0  0  0  0  0  0  0  0  0  0
   0  0  0  0  0  0  0  0  0
   0  0  0  0  0  0  0  0  0  0  0  0  0  0  0  0  0  0  0  0
   0  0  0  0  0  0  0  0  0
   6  1  1  1
