 Water DF-BP86-D3(PCM)/def2-TZVPP                                               
 NHOs in the AO basis:
 -------------------------------------------------------------------------------
     0.435829653    0.638701624    0.035553770   -0.023539908    0.005152662
     0.000000000    0.000000000   -0.000191355    0.000000000    0.000000000
     0.002063536    0.000000000    0.000000000    0.000189674   -0.000005565
     0.000000000    0.000000000   -0.000022717    0.000000000   -0.000026826
     0.000000000    0.000000000    0.000814612    0.000000000   -0.000172501
     0.000000000    0.000000000   -0.000341342    0.000000000    0.000000000
     0.000000000    0.000297419    0.002217555   -0.000212995    0.000000000
    -0.000405274    0.000333192    0.000000000   -0.001070927    0.000902449
     0.000060169    0.000000000   -0.000353426   -0.000200839    0.000000000
     0.000297419    0.002217555   -0.000212995    0.000000000    0.000405274
     0.000333192    0.000000000    0.001070927    0.000902449    0.000060169
     0.000000000    0.000353426   -0.000200839    0.000000000
     0.000000000    0.000000000    0.000000000    0.000000000    0.000000000
     0.474248262    0.000000000    0.000000000    0.388472802    0.000000000
     0.000000000    0.355156224    0.000000000    0.000000000    0.000000000
    -0.003007935    0.000000000    0.000000000    0.000000000    0.000000000
    -0.041723980    0.000000000    0.000000000    0.000000000    0.000000000
     0.003389068    0.000000000    0.000000000    0.000000000   -0.008082354
     0.000000000    0.000000000    0.000000000    0.000000000   -0.000325389
     0.000000000    0.000000000    0.000481829    0.000000000    0.000000000
     0.000000000    0.000740533    0.000000000    0.000000000   -0.000831494
     0.000000000    0.000000000    0.000000000   -0.000325389    0.000000000
     0.000000000    0.000481829    0.000000000    0.000000000    0.000000000
     0.000740533    0.000000000    0.000000000    0.000831494
    -0.082461399   -0.198866273    0.308606572    0.377059810    0.203815072
     0.000000000    0.000000000    0.302768839    0.000000000    0.000000000
     0.247339930    0.000000000    0.000000000    0.224714531   -0.002088372
     0.000000000    0.000000000   -0.000275687    0.000000000   -0.033604670
     0.000000000    0.000000000   -0.007293387    0.000000000    0.002410578
     0.000000000    0.000000000   -0.001949095    0.000000000    0.000000000
     0.000000000   -0.013325675   -0.073174783    0.013039167    0.000000000
    -0.002313265    0.001543469    0.000000000   -0.012060043    0.007629027
     0.000965263    0.000000000   -0.003329067   -0.001971673    0.000000000
    -0.013325675   -0.073174783    0.013039167    0.000000000    0.002313265
     0.001543469    0.000000000    0.012060043    0.007629027    0.000965263
     0.000000000    0.003329067   -0.001971673    0.000000000
    -0.058685622   -0.147335664    0.246298802    0.310404292    0.041210314
     0.000000000    0.416088664   -0.312779489    0.000000000    0.356451897
    -0.243887509    0.000000000    0.216226606   -0.156246202    0.002407993
     0.000000000   -0.004422323   -0.003420708    0.000000000    0.020991766
     0.000000000   -0.051715698   -0.004875916    0.000000000   -0.000561941
     0.000000000    0.002925728    0.004598712    0.000000000    0.000000000
    -0.006263559   -0.099804323   -0.287873293    0.061781360    0.000000000
     0.003746131   -0.002638965    0.000000000   -0.024763189    0.021077821
     0.000735832    0.000000000    0.000333531    0.002165097    0.000000000
     0.006536860    0.000927376    0.017937300    0.000000000    0.006636675
     0.006225937    0.000000000    0.032703399    0.014320461   -0.000508101
     0.000000000    0.006680029   -0.004276757    0.000000000
     0.011378941    0.043420305   -0.109374868   -0.220568453   -0.153154505
     0.000000000   -0.157464795    0.119264688    0.000000000   -0.173373420
     0.136143628    0.000000000   -0.154530068    0.111644914    0.000832296
     0.000000000   -0.004960267   -0.002056755    0.000000000   -0.009397591
     0.000000000    0.045673727    0.021404487    0.000000000   -0.003260305
     0.000000000   -0.005915848   -0.008583394    0.000000000    0.000000000
     0.004760119    0.541387832    0.960502533    0.014694890    0.000000000
    -0.038244040    0.033497728    0.000000000   -0.001497801   -0.016365417
     0.001407637    0.000000000   -0.013902836   -0.011756427    0.000000000
    -0.015119705   -0.012273355   -0.025359300    0.000000000    0.000046248
     0.000658569    0.000000000    0.001211590   -0.003869647    0.000408235
     0.000000000    0.000104615   -0.001061816    0.000000000
    -0.058685622   -0.147335664    0.246298802    0.310404292    0.041210314
     0.000000000   -0.416088664   -0.312779489    0.000000000   -0.356451897
    -0.243887509    0.000000000   -0.216226606   -0.156246202    0.002407993
     0.000000000    0.004422323   -0.003420708    0.000000000    0.020991766
     0.000000000    0.051715698   -0.004875916    0.000000000   -0.000561941
     0.000000000   -0.002925728    0.004598712    0.000000000    0.000000000
     0.006263559    0.006536860    0.000927376    0.017937300    0.000000000
    -0.006636675    0.006225937    0.000000000   -0.032703399    0.014320461
    -0.000508101    0.000000000   -0.006680029   -0.004276757    0.000000000
    -0.099804323   -0.287873293    0.061781360    0.000000000   -0.003746131
    -0.002638965    0.000000000    0.024763189    0.021077821    0.000735832
     0.000000000   -0.000333531    0.002165097    0.000000000
     0.011378941    0.043420305   -0.109374868   -0.220568453   -0.153154506
     0.000000000    0.157464795    0.119264688    0.000000000    0.173373420
     0.136143628    0.000000000    0.154530068    0.111644914    0.000832296
     0.000000000    0.004960267   -0.002056755    0.000000000   -0.009397591
     0.000000000   -0.045673727    0.021404487    0.000000000   -0.003260305
     0.000000000    0.005915848   -0.008583394    0.000000000    0.000000000
    -0.004760119   -0.015119705   -0.012273355   -0.025359300    0.000000000
    -0.000046248    0.000658569    0.000000000   -0.001211590   -0.003869647
     0.000408235    0.000000000   -0.000104615   -0.001061816    0.000000000
     0.541387832    0.960502533    0.014694890    0.000000000    0.038244040
     0.033497728    0.000000000    0.001497801   -0.016365417    0.001407637
     0.000000000    0.013902836   -0.011756427    0.000000000
     0.047622949    0.062920061   -0.151304107   -0.530458318   -1.831683569
     0.000000000    0.000000000   -1.165398490    0.000000000    0.000000000
     1.899501556    0.000000000    0.000000000    0.596650143    0.094303073
     0.000000000    0.000000000   -0.504546896    0.000000000   -0.384372132
     0.000000000    0.000000000    0.483069462    0.000000000    0.106627072
     0.000000000    0.000000000    0.078012777    0.000000000    0.000000000
     0.000000000    0.084613409    1.495250895    0.053755868    0.000000000
    -0.088303870   -0.038225046    0.000000000   -0.457359882    0.194652487
    -0.120415024    0.000000000    0.075928817   -0.069004826    0.000000000
     0.084613409    1.495250895    0.053755868    0.000000000    0.088303870
    -0.038225046    0.000000000    0.457359882    0.194652487   -0.120415024
     0.000000000   -0.075928817   -0.069004826    0.000000000
     0.087637285    0.101264260   -0.398379575   -0.555824145    6.221793417
     0.000000000    0.000000000    0.058471635    0.000000000    0.000000000
    -0.840021389    0.000000000    0.000000000   -2.048008898   -0.021434142
     0.000000000    0.000000000    0.066168198    0.000000000    0.222977188
     0.000000000    0.000000000   -0.563822873    0.000000000   -0.006237680
     0.000000000    0.000000000    0.006928069    0.000000000    0.000000000
     0.000000000    0.166349007   -3.003042988   -0.612974262    0.000000000
     0.001720619   -0.012127083    0.000000000    0.658834375   -0.296157587
     0.016815315    0.000000000   -0.008269844   -0.008127518    0.000000000
     0.166349007   -3.003042988   -0.612974262    0.000000000   -0.001720619
    -0.012127083    0.000000000   -0.658834375   -0.296157587    0.016815315
     0.000000000    0.008269844   -0.008127518    0.000000000
    -0.218766388    0.676105835   -4.196701111   11.515448374    2.008109483
     0.000000000    0.000000000    0.281140122    0.000000000    0.000000000
    -4.112588237    0.000000000    0.000000000   -1.062501550    0.003224379
     0.000000000    0.000000000    0.060863702    0.000000000    0.118984243
     0.000000000    0.000000000   -1.662408833    0.000000000    0.314275192
     0.000000000    0.000000000    0.627809248    0.000000000    0.000000000
     0.000000000   -0.534217140   -5.339557715    0.224969583    0.000000000
     0.745458583   -0.616918231    0.000000000    2.165064747   -1.741638996
    -0.105306767    0.000000000    0.653712548    0.370591539    0.000000000
    -0.534217140   -5.339557715    0.224969583    0.000000000   -0.745458583
    -0.616918231    0.000000000   -2.165064747   -1.741638996   -0.105306767
     0.000000000   -0.653712548    0.370591539    0.000000000
    -1.374760755    1.599938760   -0.679877120   -0.986965367   -0.993843354
     0.000000000    0.000000000   -0.012820159    0.000000000    0.000000000
     0.774196702    0.000000000    0.000000000    0.264110588    0.001307751
     0.000000000    0.000000000   -0.004941384    0.000000000   -0.029952344
     0.000000000    0.000000000    0.311247403    0.000000000   -0.065408990
     0.000000000    0.000000000   -0.130427965    0.000000000    0.000000000
     0.000000000    0.076222826    1.025717043    0.082912102    0.000000000
    -0.167886109    0.143234567    0.000000000   -0.435958535    0.334964779
     0.023280063    0.000000000   -0.188150110   -0.107905580    0.000000000
     0.076222826    1.025717043    0.082912102    0.000000000    0.167886109
     0.143234567    0.000000000    0.435958535    0.334964779    0.023280063
     0.000000000    0.188150110   -0.107905580    0.000000000
     0.000000000    0.000000000    0.000000000    0.000000000    0.000000000
     0.324642977    0.000000000    0.000000000    0.752256469    0.000000000
     0.000000000   -1.257293573    0.000000000    0.000000000    0.000000000
     0.003375454    0.000000000    0.000000000    0.000000000    0.000000000
    -0.040511445    0.000000000    0.000000000    0.000000000    0.000000000
     0.011727485    0.000000000    0.000000000    0.000000000   -0.027591245
     0.000000000    0.000000000    0.000000000    0.000000000   -0.038404879
     0.000000000    0.000000000    0.021011445    0.000000000    0.000000000
     0.000000000   -0.033746901    0.000000000    0.000000000    0.048356183
     0.000000000    0.000000000    0.000000000   -0.038404879    0.000000000
     0.000000000    0.021011445    0.000000000    0.000000000    0.000000000
    -0.033746901    0.000000000    0.000000000   -0.048356183
     0.000000000    0.000000000    0.000000000    0.000000000    0.000000000
     1.223631997    0.000000000    0.000000000   -1.864651539    0.000000000
     0.000000000    0.677581095    0.000000000    0.000000000    0.000000000
    -0.019679014    0.000000000    0.000000000    0.000000000    0.000000000
     0.222397229    0.000000000    0.000000000    0.000000000    0.000000000
    -0.042084473    0.000000000    0.000000000    0.000000000    0.098620394
     0.000000000    0.000000000    0.000000000    0.000000000    0.101112575
     0.000000000    0.000000000    0.119402039    0.000000000    0.000000000
     0.000000000    0.110655315    0.000000000    0.000000000   -0.161132821
     0.000000000    0.000000000    0.000000000    0.101112575    0.000000000
     0.000000000    0.119402039    0.000000000    0.000000000    0.000000000
     0.110655315    0.000000000    0.000000000    0.161132821
     0.000000000    0.000000000    0.000000000    0.000000000    0.000000000
     0.000000000    0.222820877    0.000000000    0.000000000    1.128560880
     0.000000000    0.000000000   -1.831572570    0.000000000    0.000000000
     0.000000000    0.026016286    0.000000000    0.000000000    0.000000000
     0.000000000   -0.234348997    0.000000000    0.000000000    0.000000000
     0.000000000    0.049713359    0.000000000    0.000000000    0.000000000
    -0.059007450   -0.237377591    0.398932100    0.107095423    0.000000000
     0.119955627   -0.129106727    0.000000000    0.358675949   -0.193238447
    -0.025266919    0.000000000    0.085997311    0.038894913    0.000000000
     0.237377591   -0.398932100   -0.107095423    0.000000000    0.119955627
     0.129106727    0.000000000    0.358675949    0.193238447    0.025266919
     0.000000000    0.085997311   -0.038894913    0.000000000
     0.000000000    0.000000000    0.000000000    0.000000000    0.000000000
     0.000000000    1.339911871    0.000000000    0.000000000   -4.893144491
     0.000000000    0.000000000   -0.017205177    0.000000000    0.000000000
     0.000000000   -0.187480861    0.000000000    0.000000000    0.000000000
     0.000000000    1.726717407    0.000000000    0.000000000    0.000000000
     0.000000000   -0.175309182    0.000000000    0.000000000    0.000000000
     0.212967368    0.605718644    3.215626534   -0.420894451    0.000000000
    -0.457184791    0.423455424    0.000000000   -1.293638464    0.998666698
     0.077045544    0.000000000   -0.281347368   -0.126259413    0.000000000
    -0.605718644   -3.215626534    0.420894451    0.000000000   -0.457184791
    -0.423455424    0.000000000   -1.293638464   -0.998666698   -0.077045544
     0.000000000   -0.281347368    0.126259413    0.000000000
     0.001877736    0.008683003   -0.048302880   -0.382742291   -0.823475833
     0.000000000    0.000000000   -0.247547417    0.000000000    0.000000000
     1.886318262    0.000000000    0.000000000   -1.414730313    0.016470772
     0.000000000    0.000000000   -0.015629317    0.000000000   -0.186141687
     0.000000000    0.000000000    0.161697116    0.000000000    0.000153340
     0.000000000    0.000000000   -0.088348701    0.000000000    0.000000000
     0.000000000    0.238693353    0.202786062    0.128392363    0.000000000
    -0.175620436    0.045176680    0.000000000   -0.392742352    0.269363247
    -0.086293189    0.000000000   -0.056110578   -0.108780934    0.000000000
     0.238693353    0.202786062    0.128392363    0.000000000    0.175620436
     0.045176680    0.000000000    0.392742352    0.269363247   -0.086293189
     0.000000000    0.056110578   -0.108780934    0.000000000
     0.000000000    0.000000000    0.000000000    0.000000000    0.000000000
     0.000000000    0.000000000    0.000000000    0.000000000    0.000000000
     0.000000000    0.000000000    0.000000000    0.000000000    0.000000000
     0.000000000    0.000000000    0.000000000    0.074373028    0.000000000
     0.000000000    0.000000000    0.000000000    1.084170024    0.000000000
     0.000000000    0.000000000    0.000000000   -0.038731299    0.000000000
     0.000000000    0.000000000    0.000000000    0.000000000   -0.038363392
     0.000000000    0.000000000   -0.088505226    0.000000000    0.000000000
     0.000000000   -0.048902859    0.000000000    0.000000000    0.046278346
     0.000000000    0.000000000    0.000000000    0.038363392    0.000000000
     0.000000000    0.088505226    0.000000000    0.000000000    0.000000000
     0.048902859    0.000000000    0.000000000    0.046278346
     0.000000000    0.000000000    0.000000000    0.000000000    0.000000000
     0.000000000    0.000000000    0.000000000    0.000000000    0.000000000
     0.000000000    0.000000000    0.000000000    0.000000000    0.000000000
     0.000000000    0.000000000    0.000000000    1.189037704    0.000000000
     0.000000000    0.000000000    0.000000000   -0.783176535    0.000000000
     0.000000000    0.000000000    0.000000000    0.011200574    0.000000000
     0.000000000    0.000000000    0.000000000    0.000000000    0.018665128
     0.000000000    0.000000000    0.144715633    0.000000000    0.000000000
     0.000000000    0.006463836    0.000000000    0.000000000    0.048324708
     0.000000000    0.000000000    0.000000000   -0.018665128    0.000000000
     0.000000000   -0.144715633    0.000000000    0.000000000    0.000000000
    -0.006463836    0.000000000    0.000000000    0.048324708
     0.000000000    0.000000000    0.000000000    0.000000000    0.000000000
     0.025191622    0.000000000    0.000000000   -0.056962263    0.000000000
     0.000000000   -0.044255061    0.000000000    0.000000000    0.000000000
     0.077687775    0.000000000    0.000000000    0.000000000    0.000000000
     1.039392712    0.000000000    0.000000000    0.000000000    0.000000000
    -0.010995788    0.000000000    0.000000000    0.000000000    0.022748487
     0.000000000    0.000000000    0.000000000    0.000000000    0.029201399
     0.000000000    0.000000000    0.076995107    0.000000000    0.000000000
     0.000000000    0.022942152    0.000000000    0.000000000   -0.047814173
     0.000000000    0.000000000    0.000000000    0.029201399    0.000000000
     0.000000000    0.076995107    0.000000000    0.000000000    0.000000000
     0.022942152    0.000000000    0.000000000    0.047814173
     0.000000000    0.000000000    0.000000000    0.000000000    0.000000000
    -0.014205826    0.000000000    0.000000000    0.047294790    0.000000000
     0.000000000    0.152928262    0.000000000    0.000000000    0.000000000
     1.186002785    0.000000000    0.000000000    0.000000000    0.000000000
    -0.784538345    0.000000000    0.000000000    0.000000000    0.000000000
     0.022815318    0.000000000    0.000000000    0.000000000   -0.005994974
     0.000000000    0.000000000    0.000000000    0.000000000   -0.005715431
     0.000000000    0.000000000   -0.168132114    0.000000000    0.000000000
     0.000000000    0.045216964    0.000000000    0.000000000    0.016181495
     0.000000000    0.000000000    0.000000000   -0.005715431    0.000000000
     0.000000000   -0.168132114    0.000000000    0.000000000    0.000000000
     0.045216964    0.000000000    0.000000000   -0.016181495
     0.000000000    0.000000000    0.000000000    0.000000000    0.000000000
     0.000000000   -0.005330619    0.000000000    0.000000000   -1.048768715
     0.000000000    0.000000000   -0.827983623    0.000000000    0.000000000
     0.000000000   -0.006232291    0.000000000    0.000000000    0.000000000
     0.000000000    1.811528967    0.000000000    0.000000000    0.000000000
     0.000000000   -0.085341414    0.000000000    0.000000000    0.000000000
     0.054234746    0.529873688    1.411072735   -0.006822772    0.000000000
    -0.190501789    0.133610363    0.000000000   -0.327622079    0.244693890
    -0.016376770    0.000000000   -0.106324419   -0.078324084    0.000000000
    -0.529873688   -1.411072735    0.006822772    0.000000000   -0.190501789
    -0.133610363    0.000000000   -0.327622079   -0.244693890    0.016376770
     0.000000000   -0.106324419    0.078324084    0.000000000
     0.000000000    0.000000000    0.000000000    0.000000000    0.000000000
     0.000000000   -0.079660122    0.000000000    0.000000000   -1.915290744
     0.000000000    0.000000000   -0.086921353    0.000000000    0.000000000
     0.000000000    1.258683975    0.000000000    0.000000000    0.000000000
     0.000000000   -0.027623877    0.000000000    0.000000000    0.000000000
     0.000000000   -0.149786018    0.000000000    0.000000000    0.000000000
     0.103636853   -0.050934111    1.781293670   -0.010569840    0.000000000
    -0.333505285    0.287711865    0.000000000   -0.976794988    0.679741763
     0.019292725    0.000000000   -0.467527857   -0.384291173    0.000000000
     0.050934111   -1.781293670    0.010569840    0.000000000   -0.333505285
    -0.287711865    0.000000000   -0.976794988   -0.679741763   -0.019292725
     0.000000000   -0.467527857    0.384291173    0.000000000
     0.021322321    0.052083423   -0.053678336   -0.502902194   -0.719202412
     0.000000000    0.000000000    0.029828070    0.000000000    0.000000000
     0.320182374    0.000000000    0.000000000    0.349367588   -0.005149897
     0.000000000    0.000000000    0.055125246    0.000000000    0.057355693
     0.000000000    0.000000000    1.274159392    0.000000000   -0.042012198
     0.000000000    0.000000000   -0.058037464    0.000000000    0.000000000
     0.000000000    0.258301850    0.725381757    0.003456791    0.000000000
    -0.071562893    0.099413874    0.000000000   -0.103638864    0.142338572
     0.051769871    0.000000000   -0.067673010   -0.018838333    0.000000000
     0.258301850    0.725381757    0.003456791    0.000000000    0.071562893
     0.099413874    0.000000000    0.103638864    0.142338572    0.051769871
     0.000000000    0.067673010   -0.018838333    0.000000000
     0.002561301    0.112373939   -0.158059951   -1.388495149   -0.735960102
     0.000000000    0.000000000   -0.409787537    0.000000000    0.000000000
     1.334023639    0.000000000    0.000000000    0.157342557    0.009949789
     0.000000000    0.000000000    1.112099051    0.000000000   -0.125950593
     0.000000000    0.000000000   -0.419595745    0.000000000   -0.057776479
     0.000000000    0.000000000   -0.124131247    0.000000000    0.000000000
     0.000000000    0.020312907    1.104628950   -0.008820493    0.000000000
    -0.246670583    0.146105681    0.000000000   -0.500491517    0.282094869
    -0.005382081    0.000000000   -0.305744215   -0.160137185    0.000000000
     0.020312907    1.104628950   -0.008820493    0.000000000    0.246670583
     0.146105681    0.000000000    0.500491517    0.282094869   -0.005382081
     0.000000000    0.305744215   -0.160137185    0.000000000
     0.002565687    0.002477669    0.009017690   -0.050642280   -0.081054327
     0.000000000    0.000000000    0.005425965    0.000000000    0.000000000
     0.067082153    0.000000000    0.000000000    0.121951522   -0.070758601
     0.000000000    0.000000000    0.022102894    0.000000000   -1.132799451
     0.000000000    0.000000000   -0.074315850    0.000000000    0.025718814
     0.000000000    0.000000000    0.000516682    0.000000000    0.000000000
     0.000000000    0.024634048    0.091243260   -0.006965245    0.000000000
    -0.042140924   -0.032464082    0.000000000   -0.075013367   -0.094178064
    -0.060989206    0.000000000    0.015224673   -0.043727591    0.000000000
     0.024634048    0.091243260   -0.006965245    0.000000000    0.042140924
    -0.032464082    0.000000000    0.075013367   -0.094178064   -0.060989206
     0.000000000   -0.015224673   -0.043727591    0.000000000
    -0.001675784    0.016853131   -0.056795621   -0.046380325    0.414414504
     0.000000000    0.000000000   -0.022347743    0.000000000    0.000000000
    -0.031450463    0.000000000    0.000000000   -0.326150646   -1.202947523
     0.000000000    0.000000000   -0.031284281    0.000000000    0.874160856
     0.000000000    0.000000000    0.059324137    0.000000000   -0.032353604
     0.000000000    0.000000000   -0.001208359    0.000000000    0.000000000
     0.000000000    0.010461237   -0.208636459   -0.048689058    0.000000000
     0.017324802    0.037962221    0.000000000    0.142119959    0.148844304
    -0.015731866    0.000000000   -0.033646639   -0.005511516    0.000000000
     0.010461237   -0.208636459   -0.048689058    0.000000000   -0.017324802
     0.037962221    0.000000000   -0.142119959    0.148844304   -0.015731866
     0.000000000    0.033646639   -0.005511516    0.000000000
     0.015250694    0.024025196   -0.026493938   -0.184109228   -0.443062520
     0.000000000    0.000000000   -0.049508770    0.000000000    0.000000000
     0.147159848    0.000000000    0.000000000    0.074383419   -0.022569268
     0.000000000    0.000000000   -0.064219559    0.000000000    0.295698094
     0.000000000    0.000000000    0.380488229    0.000000000   -1.139585621
     0.000000000    0.000000000   -0.109032400    0.000000000    0.000000000
     0.000000000    0.227368207    0.232473191    0.050380662    0.000000000
    -0.034885522    0.228898053    0.000000000    0.014644164    0.118792717
     0.109504885    0.000000000   -0.108318032    0.115038960    0.000000000
     0.227368207    0.232473191    0.050380662    0.000000000    0.034885522
     0.228898053    0.000000000   -0.014644164    0.118792717    0.109504885
     0.000000000    0.108318032    0.115038960    0.000000000
     0.000000000    0.000000000    0.000000000    0.000000000    0.000000000
    -0.013790352    0.000000000    0.000000000    0.115804230    0.000000000
     0.000000000    0.034447439    0.000000000    0.000000000    0.000000000
     0.012843368    0.000000000    0.000000000    0.000000000    0.000000000
    -0.144917743    0.000000000    0.000000000    0.000000000    0.000000000
     1.044531215    0.000000000    0.000000000    0.000000000   -0.029511759
     0.000000000    0.000000000    0.000000000    0.000000000   -0.064103890
     0.000000000    0.000000000   -0.061570891    0.000000000    0.000000000
     0.000000000    0.020215887    0.000000000    0.000000000    0.121669501
     0.000000000    0.000000000    0.000000000   -0.064103890    0.000000000
     0.000000000   -0.061570891    0.000000000    0.000000000    0.000000000
     0.020215887    0.000000000    0.000000000   -0.121669501
     0.000000000    0.000000000    0.000000000    0.000000000    0.000000000
     0.000000000   -0.036810893    0.000000000    0.000000000    0.562775656
     0.000000000    0.000000000    0.171116968    0.000000000    0.000000000
     0.000000000    0.082569296    0.000000000    0.000000000    0.000000000
     0.000000000   -0.760241415    0.000000000    0.000000000    0.000000000
     0.000000000    1.296313055    0.000000000    0.000000000    0.000000000
    -0.007582609   -0.438354683   -0.452943970   -0.010813864    0.000000000
     0.357811468   -0.042988666    0.000000000    0.205635770   -0.002529473
     0.215277809    0.000000000    0.008779627    0.134652832    0.000000000
     0.438354683    0.452943970    0.010813864    0.000000000    0.357811468
     0.042988666    0.000000000    0.205635770    0.002529473   -0.215277809
     0.000000000    0.008779627   -0.134652832    0.000000000
     0.033578877    0.040315600   -0.007270431   -0.351140977   -1.013853422
     0.000000000    0.000000000   -0.153114626    0.000000000    0.000000000
     0.684825256    0.000000000    0.000000000    0.323197278    0.012324163
     0.000000000    0.000000000   -0.103147819    0.000000000   -0.061309056
     0.000000000    0.000000000    0.532119681    0.000000000   -0.093453575
     0.000000000    0.000000000   -1.209844731    0.000000000    0.000000000
     0.000000000    0.506173519    0.534156524    0.100431370    0.000000000
    -0.274989917    0.258363722    0.000000000   -0.077474789    0.027057154
     0.035010145    0.000000000   -0.042649890   -0.037921059    0.000000000
     0.506173519    0.534156524    0.100431370    0.000000000    0.274989917
     0.258363722    0.000000000    0.077474789    0.027057153    0.035010145
     0.000000000    0.042649890   -0.037921059    0.000000000
     0.000000000    0.000000000    0.000000000    0.000000000    0.000000000
     0.000000000    0.000000000    0.000000000    0.000000000    0.000000000
     0.000000000    0.000000000    0.000000000    0.000000000    0.000000000
     0.000000000    0.000000000    0.000000000    0.035937697    0.000000000
     0.000000000    0.000000000    0.000000000   -0.406369965    0.000000000
     0.000000000    0.000000000    0.000000000    1.191596507    0.000000000
     0.000000000    0.000000000    0.000000000    0.000000000    0.205205633
     0.000000000    0.000000000    0.154106072    0.000000000    0.000000000
     0.000000000    0.151426543    0.000000000    0.000000000   -0.207089485
     0.000000000    0.000000000    0.000000000   -0.205205633    0.000000000
     0.000000000   -0.154106072    0.000000000    0.000000000    0.000000000
    -0.151426543    0.000000000    0.000000000   -0.207089485
     0.000000000    0.000000000    0.000000000    0.000000000    0.000000000
     0.031352634    0.000000000    0.000000000   -0.271397001    0.000000000
     0.000000000   -0.078478293    0.000000000    0.000000000    0.000000000
    -0.020997997    0.000000000    0.000000000    0.000000000    0.000000000
     0.236703699    0.000000000    0.000000000    0.000000000    0.000000000
    -0.029546347    0.000000000    0.000000000    0.000000000    1.126475359
     0.000000000    0.000000000    0.000000000    0.000000000    0.150350297
     0.000000000    0.000000000    0.141771569    0.000000000    0.000000000
     0.000000000    0.162008256    0.000000000    0.000000000   -0.124256341
     0.000000000    0.000000000    0.000000000    0.150350297    0.000000000
     0.000000000    0.141771569    0.000000000    0.000000000    0.000000000
     0.162008256    0.000000000    0.000000000    0.124256341
     0.000000000    0.000000000    0.000000000    0.000000000    0.000000000
     0.000000000    0.062592897    0.000000000    0.000000000   -0.685785747
     0.000000000    0.000000000   -0.240899876    0.000000000    0.000000000
     0.000000000   -0.050620325    0.000000000    0.000000000    0.000000000
     0.000000000    0.465286354    0.000000000    0.000000000    0.000000000
     0.000000000   -0.007560448    0.000000000    0.000000000    0.000000000
     1.130916871    0.359258173    0.377103538    0.016658177    0.000000000
    -0.157279786    0.209679462    0.000000000   -0.021754552    0.136192725
     0.124008839    0.000000000   -0.034442796   -0.014049897    0.000000000
    -0.359258173   -0.377103538   -0.016658177    0.000000000   -0.157279786
    -0.209679462    0.000000000   -0.021754552   -0.136192725   -0.124008839
     0.000000000   -0.034442796    0.014049897    0.000000000
    -0.014838175    0.060925904   -0.271628748    0.284060343    1.835647137
     0.000000000   -0.037408545    0.085149023    0.000000000   -0.125999578
    -0.410572138    0.000000000    0.531598772   -0.827412954   -0.035833237
     0.000000000    0.013074582   -0.002365100    0.000000000    0.404598862
     0.000000000   -0.120389670    0.024613409    0.000000000   -0.027997806
     0.000000000    0.031907728    0.022292653    0.000000000    0.000000000
     0.017145598   -0.495883467    0.309331178   -2.376399000    0.000000000
     0.062000624    0.121649468    0.000000000    0.898944852    0.267932207
     0.018116194    0.000000000    0.078504209    0.139774641    0.000000000
     0.022550909   -0.636311165    0.595499013    0.000000000   -0.097648948
    -0.002523367    0.000000000   -0.051474131    0.011864557    0.035056574
     0.000000000   -0.013107432    0.004834014    0.000000000
     0.000000000    0.000000000    0.000000000    0.000000000    0.000000000
     0.029865049    0.000000000    0.000000000   -0.354605166    0.000000000
     0.000000000   -0.573453540    0.000000000    0.000000000    0.000000000
    -0.043506942    0.000000000    0.000000000    0.049559879    0.000000000
     0.491960142    0.000000000    0.000000000   -0.560404480    0.000000000
    -0.041441637    0.000000000    0.000000000    0.118517086    0.098480779
     0.000000000    0.000000000    0.000000000    0.000000000    0.473343918
     0.000000000    0.000000000    1.201735817    0.000000000    0.000000000
     0.000000000    0.121686909    0.000000000    0.000000000   -0.145868502
     0.000000000    0.000000000    0.000000000   -0.016538562    0.000000000
     0.000000000    0.098778914    0.000000000    0.000000000    0.000000000
    -0.018934211    0.000000000    0.000000000    0.021484845
    -0.035316264   -0.062734753    0.120548739    1.158969280    2.619018581
     0.000000000   -0.024077404   -0.066694347    0.000000000    1.807708716
    -0.663789352    0.000000000    1.529901921   -0.470662016    0.039961657
     0.000000000    0.099594633    0.068198112    0.000000000   -0.451213520
     0.000000000   -0.917059144   -0.709732267    0.000000000    0.122447042
     0.000000000    0.003745730    0.098358162    0.000000000    0.000000000
    -0.110739473   -0.827998264   -2.780061512   -1.648765860    0.000000000
     0.101379410   -0.773634323    0.000000000    1.413225571   -1.912735529
    -0.185152698    0.000000000    0.509523274    0.173928780    0.000000000
     0.124634177    0.604366544    0.249617660    0.000000000    0.141698400
    -0.028670132    0.000000000    0.192644846    0.188500915   -0.064282591
     0.000000000   -0.005534537   -0.065098459    0.000000000
     0.010886304    0.125235304   -0.446723216   -0.856701859   -0.521830302
     0.000000000   -0.225407003    0.228317213    0.000000000   -1.048994316
     0.560171097    0.000000000   -0.354706549    0.099290125    0.001815094
     0.000000000   -0.062401342   -0.023191883    0.000000000   -0.020494518
     0.000000000    0.574586401    0.241356060    0.000000000   -0.051572969
     0.000000000   -0.118651581   -0.117928533    0.000000000    0.000000000
     0.071258411   -0.385875231    2.490187193   -0.114545257    0.000000000
    -0.728565999    0.432035707    0.000000000   -0.303131659    0.486552183
     0.009766152    0.000000000   -0.990358826   -0.648306180    0.000000000
    -0.087922594   -0.314559398    0.017472657    0.000000000   -0.056079075
    -0.002479835    0.000000000   -0.092286285   -0.135096712    0.013211948
     0.000000000    0.003324260    0.005016026    0.000000000
     0.000000000    0.000000000    0.000000000    0.000000000    0.000000000
    -0.007614079    0.000000000    0.000000000    0.112367904    0.000000000
     0.000000000    0.481623608    0.000000000    0.000000000    0.000000000
     0.011716958    0.000000000    0.000000000   -0.009318980    0.000000000
    -0.132490957    0.000000000    0.000000000    0.105375523    0.000000000
    -0.011717664    0.000000000    0.000000000    0.048425631    0.028151501
     0.000000000    0.000000000    0.000000000    0.000000000    1.251559677
     0.000000000    0.000000000   -1.359841337    0.000000000    0.000000000
     0.000000000   -0.043590695    0.000000000    0.000000000    0.058479888
     0.000000000    0.000000000    0.000000000    0.006269187    0.000000000
     0.000000000   -0.085021454    0.000000000    0.000000000    0.000000000
    -0.011180294    0.000000000    0.000000000    0.001019860
    -0.051148837   -0.124291271    0.260577840    1.245118118    2.287524671
     0.000000000    0.059953429   -0.073849336    0.000000000    2.013770079
    -1.208184894    0.000000000    0.689851827   -0.915927296   -0.036014111
     0.000000000    0.144223324    0.039174207    0.000000000    0.406641135
     0.000000000   -1.327996441   -0.407682827    0.000000000    0.014263613
     0.000000000    0.210165106    0.130376983    0.000000000    0.000000000
    -0.089165423   -0.475281815   -4.215702871    0.158243024    0.000000000
     1.270584749   -0.355785366    0.000000000    1.772502429   -1.008950539
     0.074437733    0.000000000    0.297175395    0.257372710    0.000000000
     0.181370926    0.388120907   -0.229917351    0.000000000    0.095443296
     0.120481952    0.000000000    0.273055905    0.286956816    0.011305476
     0.000000000    0.058214911   -0.030838244    0.000000000
     0.009758392   -0.071875797    0.366071731    0.842279052    0.812120544
     0.000000000    0.133437703   -0.106578159    0.000000000    0.685720464
    -0.372729275    0.000000000   -0.218522611   -0.257107189    0.006146010
     0.000000000    0.003324240   -0.003641906    0.000000000   -0.069395592
     0.000000000   -0.030609325    0.037901024    0.000000000    0.032965673
     0.000000000   -0.041431280   -0.059497283    0.000000000    0.000000000
     0.039243570   -0.173008512   -1.329726028    0.202102105    0.000000000
    -0.608876045    0.388610354    0.000000000    1.644768761   -0.899115407
    -0.046629973    0.000000000    0.948409316    0.166823360    0.000000000
     0.009569119   -0.081926597   -0.207915537    0.000000000    0.033467951
     0.014247723    0.000000000    0.126476346   -0.012587769   -0.000093211
     0.000000000   -0.020402467   -0.043619090    0.000000000
     0.035008083    0.074178085   -0.200805827   -1.682147776   -3.705467874
     0.000000000   -0.033621188    0.023483165    0.000000000   -1.702863603
     1.138128645    0.000000000   -1.258902921    1.337214918    0.010874852
     0.000000000   -0.069366084   -0.031307600    0.000000000   -0.122789713
     0.000000000    0.638717169    0.325815678    0.000000000   -0.014159380
     0.000000000   -0.012826380    0.001781633    0.000000000    0.000000000
     0.014629132   -1.123888512    5.840999380    1.217305497    0.000000000
     0.440192628    0.211777388    0.000000000   -3.023592446    1.561389453
    -0.005901567    0.000000000   -0.341786699   -0.251959103    0.000000000
    -0.016692837   -0.078842894   -0.182549259    0.000000000   -0.027843208
    -0.047788962    0.000000000   -0.293369472   -0.141858915    0.002237529
     0.000000000   -0.001358545    0.089102777    0.000000000
    -0.001871364   -0.001656694    0.034504519    0.525266760    1.272881566
     0.000000000   -0.056036143    0.010305493    0.000000000    0.650566186
    -0.188361359    0.000000000    1.264838594    0.022680468    0.013966510
     0.000000000    0.016403562    0.007383178    0.000000000   -0.157698117
     0.000000000   -0.151042639   -0.076836144    0.000000000   -0.043505066
     0.000000000    0.006405116   -0.060014851    0.000000000    0.000000000
     0.022956533    0.242731449   -1.597278503   -1.118253183    0.000000000
     0.286479765    1.122864639    0.000000000    0.251865208   -1.995440541
    -0.074876227    0.000000000    0.147562780    0.031735973    0.000000000
     0.033231939    0.496674890    0.264491161    0.000000000    0.074591061
    -0.014965053    0.000000000   -0.072393920    0.205630144    0.005122094
     0.000000000    0.021832703    0.005632970    0.000000000
     0.000000000    0.000000000    0.000000000    0.000000000    0.000000000
     0.007493065    0.000000000    0.000000000    0.628797289    0.000000000
     0.000000000    0.141651563    0.000000000    0.000000000    0.000000000
     0.059738271    0.000000000    0.000000000   -0.047141400    0.000000000
    -0.675497906    0.000000000    0.000000000    0.533057227    0.000000000
     0.159303774    0.000000000    0.000000000   -0.273684674   -0.165577080
     0.000000000    0.000000000    0.000000000    0.000000000   -0.173281807
     0.000000000    0.000000000   -0.608205665    0.000000000    0.000000000
     0.000000000   -0.248728830    0.000000000    0.000000000    1.378233399
     0.000000000    0.000000000    0.000000000   -0.030397306    0.000000000
     0.000000000   -0.051825686    0.000000000    0.000000000    0.000000000
     0.017374912    0.000000000    0.000000000   -0.054776665
     0.000000000    0.000000000    0.000000000    0.000000000    0.000000000
    -0.012558464    0.000000000    0.000000000   -0.434524676    0.000000000
     0.000000000   -0.081503163    0.000000000    0.000000000    0.000000000
    -0.019714463    0.000000000    0.000000000    0.059209995    0.000000000
     0.222923736    0.000000000    0.000000000   -0.669524361    0.000000000
     0.025292516    0.000000000    0.000000000    0.200864831    0.214128861
     0.000000000    0.000000000    0.000000000    0.000000000    0.132924415
     0.000000000    0.000000000    0.458261787    0.000000000    0.000000000
     0.000000000    1.252717010    0.000000000    0.000000000   -0.247622621
     0.000000000    0.000000000    0.000000000   -0.049260149    0.000000000
     0.000000000   -0.021914019    0.000000000    0.000000000    0.000000000
    -0.050543230    0.000000000    0.000000000   -0.016010268
     0.002162863   -0.019716209    0.097960162    0.234324114    0.241122018
     0.000000000    0.052830534   -0.024947770    0.000000000    0.111772566
    -0.496289967    0.000000000   -0.077911035   -0.137315987   -0.057665160
     0.000000000    0.000180631   -0.014931505    0.000000000    0.651106631
     0.000000000   -0.001663235    0.155390971    0.000000000   -0.202915753
     0.000000000    0.132288348   -0.022460418    0.000000000    0.000000000
     0.020376904   -0.049468946   -0.592339174    0.026564282    0.000000000
    -0.171233823    0.215457809    0.000000000    0.968830487   -0.040941793
     0.232740318    0.000000000   -0.338317401    1.168986931    0.000000000
    -0.183984342    0.292602100   -0.032236149    0.000000000   -0.122113250
     0.089682760    0.000000000    0.283892891    0.110904187    0.053426410
     0.000000000    0.033785442   -0.034144123    0.000000000
     0.000398170    0.024240876   -0.088910303   -0.076754221    0.147195182
     0.000000000   -0.042388048    0.034355025    0.000000000   -0.325103784
    -0.543274469    0.000000000    0.030511117   -0.226824964   -0.074325572
     0.000000000    0.034562767   -0.060821443    0.000000000    0.839222026
     0.000000000   -0.318251104    0.632963873    0.000000000   -0.150621493
     0.000000000    0.278938429   -0.060464467    0.000000000    0.000000000
     0.160218456   -0.065476057    0.061024719   -0.180278535    0.000000000
     0.113638033    0.157724093    0.000000000    0.391790883    0.552146522
     1.445929299    0.000000000   -0.130592712    0.208786067    0.000000000
     0.108017809   -0.043146505    0.041526465    0.000000000   -0.027638147
     0.122667089    0.000000000   -0.077468840    0.136815948    0.090856465
     0.000000000    0.033402520    0.040103834    0.000000000
    -0.014838175    0.060925904   -0.271628748    0.284060344    1.835647137
     0.000000000    0.037408545    0.085149023    0.000000000    0.125999577
    -0.410572139    0.000000000   -0.531598772   -0.827412954   -0.035833237
     0.000000000   -0.013074582   -0.002365100    0.000000000    0.404598862
     0.000000000    0.120389670    0.024613409    0.000000000   -0.027997806
     0.000000000   -0.031907728    0.022292653    0.000000000    0.000000000
    -0.017145598    0.022550909   -0.636311165    0.595499013    0.000000000
     0.097648948   -0.002523367    0.000000000    0.051474131    0.011864557
     0.035056574    0.000000000    0.013107432    0.004834014    0.000000000
    -0.495883467    0.309331178   -2.376399000    0.000000000   -0.062000624
     0.121649468    0.000000000   -0.898944852    0.267932207    0.018116194
     0.000000000   -0.078504209    0.139774641    0.000000000
     0.000000000    0.000000000    0.000000000    0.000000000    0.000000000
     0.029865049    0.000000000    0.000000000   -0.354605166    0.000000000
     0.000000000   -0.573453540    0.000000000    0.000000000    0.000000000
    -0.043506942    0.000000000    0.000000000   -0.049559879    0.000000000
     0.491960142    0.000000000    0.000000000    0.560404480    0.000000000
    -0.041441637    0.000000000    0.000000000   -0.118517086    0.098480779
     0.000000000    0.000000000    0.000000000    0.000000000   -0.016538562
     0.000000000    0.000000000    0.098778914    0.000000000    0.000000000
     0.000000000   -0.018934211    0.000000000    0.000000000   -0.021484845
     0.000000000    0.000000000    0.000000000    0.473343918    0.000000000
     0.000000000    1.201735817    0.000000000    0.000000000    0.000000000
     0.121686909    0.000000000    0.000000000    0.145868502
    -0.035316264   -0.062734753    0.120548739    1.158969280    2.619018581
     0.000000000    0.024077404   -0.066694347    0.000000000   -1.807708716
    -0.663789352    0.000000000   -1.529901921   -0.470662016    0.039961657
     0.000000000   -0.099594633    0.068198112    0.000000000   -0.451213520
     0.000000000    0.917059144   -0.709732267    0.000000000    0.122447042
     0.000000000   -0.003745730    0.098358162    0.000000000    0.000000000
     0.110739473    0.124634177    0.604366544    0.249617660    0.000000000
    -0.141698400   -0.028670132    0.000000000   -0.192644846    0.188500915
    -0.064282591    0.000000000    0.005534537   -0.065098459    0.000000000
    -0.827998264   -2.780061512   -1.648765860    0.000000000   -0.101379410
    -0.773634323    0.000000000   -1.413225571   -1.912735529   -0.185152697
     0.000000000   -0.509523274    0.173928780    0.000000000
     0.010886304    0.125235304   -0.446723215   -0.856701857   -0.521830298
     0.000000000    0.225407003    0.228317213    0.000000000    1.048994314
     0.560171095    0.000000000    0.354706548    0.099290123    0.001815094
     0.000000000    0.062401342   -0.023191883    0.000000000   -0.020494518
     0.000000000   -0.574586400    0.241356059    0.000000000   -0.051572969
     0.000000000    0.118651581   -0.117928533    0.000000000    0.000000000
    -0.071258411   -0.087922593   -0.314559398    0.017472657    0.000000000
     0.056079075   -0.002479834    0.000000000    0.092286285   -0.135096712
     0.013211948    0.000000000   -0.003324260    0.005016026    0.000000000
    -0.385875230    2.490187185   -0.114545258    0.000000000    0.728565999
     0.432035706    0.000000000    0.303131656    0.486552182    0.009766153
     0.000000000    0.990358825   -0.648306181    0.000000000
     0.000000000    0.000000000    0.000000000    0.000000000    0.000000000
    -0.007614079    0.000000000    0.000000000    0.112367904    0.000000000
     0.000000000    0.481623608    0.000000000    0.000000000    0.000000000
     0.011716958    0.000000000    0.000000000    0.009318980    0.000000000
    -0.132490957    0.000000000    0.000000000   -0.105375523    0.000000000
    -0.011717664    0.000000000    0.000000000   -0.048425631    0.028151501
     0.000000000    0.000000000    0.000000000    0.000000000    0.006269187
     0.000000000    0.000000000   -0.085021454    0.000000000    0.000000000
     0.000000000   -0.011180294    0.000000000    0.000000000   -0.001019860
     0.000000000    0.000000000    0.000000000    1.251559677    0.000000000
     0.000000000   -1.359841337    0.000000000    0.000000000    0.000000000
    -0.043590695    0.000000000    0.000000000   -0.058479888
    -0.051148837   -0.124291271    0.260577839    1.245118110    2.287524654
     0.000000000   -0.059953429   -0.073849336    0.000000000   -2.013770071
    -1.208184888    0.000000000   -0.689851822   -0.915927290   -0.036014111
     0.000000000   -0.144223323    0.039174207    0.000000000    0.406641134
     0.000000000    1.327996438   -0.407682826    0.000000000    0.014263613
     0.000000000   -0.210165106    0.130376983    0.000000000    0.000000000
     0.089165423    0.181370926    0.388120907   -0.229917351    0.000000000
    -0.095443296    0.120481952    0.000000000   -0.273055903    0.286956815
     0.011305476    0.000000000   -0.058214911   -0.030838244    0.000000000
    -0.475281820   -4.215702846    0.158243029    0.000000000   -1.270584752
    -0.355785365    0.000000000   -1.772502414   -1.008950533    0.074437733
     0.000000000   -0.297175393    0.257372709    0.000000000
     0.009758392   -0.071875798    0.366071732    0.842279063    0.812120568
     0.000000000   -0.133437703   -0.106578159    0.000000000   -0.685720476
    -0.372729283    0.000000000    0.218522602   -0.257107197    0.006146010
     0.000000000   -0.003324240   -0.003641906    0.000000000   -0.069395591
     0.000000000    0.030609329    0.037901022    0.000000000    0.032965673
     0.000000000    0.041431280   -0.059497283    0.000000000    0.000000000
    -0.039243570    0.009569119   -0.081926596   -0.207915536    0.000000000
    -0.033467951    0.014247723    0.000000000   -0.126476348   -0.012587767
    -0.000093211    0.000000000    0.020402467   -0.043619091    0.000000000
    -0.173008506   -1.329726066    0.202102097    0.000000000    0.608876045
     0.388610354    0.000000000   -1.644768779   -0.899115419   -0.046629973
     0.000000000   -0.948409318    0.166823362    0.000000000
     0.035008084    0.074178085   -0.200805827   -1.682147779   -3.705467884
     0.000000000    0.033621187    0.023483165    0.000000000    1.702863611
     1.138128649    0.000000000    1.258902930    1.337214920    0.010874852
     0.000000000    0.069366085   -0.031307600    0.000000000   -0.122789713
     0.000000000   -0.638717176    0.325815681    0.000000000   -0.014159381
     0.000000000    0.012826381    0.001781632    0.000000000    0.000000000
    -0.014629133   -0.016692839   -0.078842897   -0.182549260    0.000000000
     0.027843209   -0.047788962    0.000000000    0.293369472   -0.141858917
     0.002237529    0.000000000    0.001358545    0.089102776    0.000000000
    -1.123888512    5.840999397    1.217305500    0.000000000   -0.440192617
     0.211777390    0.000000000    3.023592444    1.561389458   -0.005901567
     0.000000000    0.341786697   -0.251959101    0.000000000
    -0.001871364   -0.001656693    0.034504518    0.525266753    1.272881553
     0.000000000    0.056036143    0.010305493    0.000000000   -0.650566180
    -0.188361354    0.000000000   -1.264838591    0.022680473    0.013966510
     0.000000000   -0.016403561    0.007383178    0.000000000   -0.157698118
     0.000000000    0.151042636   -0.076836143    0.000000000   -0.043505066
     0.000000000   -0.006405115   -0.060014851    0.000000000    0.000000000
    -0.022956533    0.033231939    0.496674890    0.264491160    0.000000000
    -0.074591061   -0.014965053    0.000000000    0.072393921    0.205630144
     0.005122094    0.000000000   -0.021832703    0.005632971    0.000000000
     0.242731447   -1.597278483   -1.118253180    0.000000000   -0.286479766
     1.122864639    0.000000000   -0.251865196   -1.995440535   -0.074876227
     0.000000000   -0.147562777    0.031735972    0.000000000
     0.000000000    0.000000000    0.000000000    0.000000000    0.000000000
    -0.007493065    0.000000000    0.000000000   -0.628797289    0.000000000
     0.000000000   -0.141651563    0.000000000    0.000000000    0.000000000
    -0.059738271    0.000000000    0.000000000   -0.047141400    0.000000000
     0.675497906    0.000000000    0.000000000    0.533057227    0.000000000
    -0.159303774    0.000000000    0.000000000   -0.273684674    0.165577080
     0.000000000    0.000000000    0.000000000    0.000000000    0.030397306
     0.000000000    0.000000000    0.051825686    0.000000000    0.000000000
     0.000000000   -0.017374912    0.000000000    0.000000000   -0.054776665
     0.000000000    0.000000000    0.000000000    0.173281807    0.000000000
     0.000000000    0.608205665    0.000000000    0.000000000    0.000000000
     0.248728830    0.000000000    0.000000000    1.378233399
     0.000000000    0.000000000    0.000000000    0.000000000    0.000000000
    -0.012558464    0.000000000    0.000000000   -0.434524676    0.000000000
     0.000000000   -0.081503163    0.000000000    0.000000000    0.000000000
    -0.019714463    0.000000000    0.000000000   -0.059209995    0.000000000
     0.222923736    0.000000000    0.000000000    0.669524361    0.000000000
     0.025292516    0.000000000    0.000000000   -0.200864831    0.214128861
     0.000000000    0.000000000    0.000000000    0.000000000   -0.049260149
     0.000000000    0.000000000   -0.021914019    0.000000000    0.000000000
     0.000000000   -0.050543230    0.000000000    0.000000000    0.016010268
     0.000000000    0.000000000    0.000000000    0.132924415    0.000000000
     0.000000000    0.458261787    0.000000000    0.000000000    0.000000000
     1.252717010    0.000000000    0.000000000    0.247622621
     0.002162863   -0.019716209    0.097960163    0.234324117    0.241122026
     0.000000000   -0.052830534   -0.024947770    0.000000000   -0.111772570
    -0.496289970    0.000000000    0.077911032   -0.137315990   -0.057665161
     0.000000000   -0.000180631   -0.014931505    0.000000000    0.651106631
     0.000000000    0.001663236    0.155390971    0.000000000   -0.202915753
     0.000000000   -0.132288348   -0.022460418    0.000000000    0.000000000
    -0.020376904   -0.183984342    0.292602100   -0.032236149    0.000000000
     0.122113249    0.089682760    0.000000000   -0.283892892    0.110904187
     0.053426410    0.000000000   -0.033785443   -0.034144123    0.000000000
    -0.049468944   -0.592339186    0.026564279    0.000000000    0.171233824
     0.215457809    0.000000000   -0.968830493   -0.040941797    0.232740318
     0.000000000    0.338317401    1.168986931    0.000000000
     0.000398170    0.024240876   -0.088910302   -0.076754220    0.147195182
     0.000000000    0.042388048    0.034355025    0.000000000    0.325103783
    -0.543274469    0.000000000   -0.030511117   -0.226824964   -0.074325572
     0.000000000   -0.034562767   -0.060821443    0.000000000    0.839222026
     0.000000000    0.318251104    0.632963873    0.000000000   -0.150621493
     0.000000000   -0.278938429   -0.060464467    0.000000000    0.000000000
    -0.160218455    0.108017809   -0.043146504    0.041526465    0.000000000
     0.027638147    0.122667089    0.000000000    0.077468840    0.136815948
     0.090856465    0.000000000   -0.033402520    0.040103834    0.000000000
    -0.065476057    0.061024718   -0.180278535    0.000000000   -0.113638034
     0.157724093    0.000000000   -0.391790883    0.552146521    1.445929299
     0.000000000    0.130592711    0.208786067    0.000000000
