 Water DF-BP86-D3(PCM)/def2-TZVPP
 Basis set information needed for plotting orbitals
 ---------------------------------------------------------------------------
      3    23    36
 ---------------------------------------------------------------------------
    8   0.000000000   0.000000000   0.119729202
    1   0.000000000   0.763896277  -0.478916809
    1   0.000000000  -0.763896277  -0.478916809
 ---------------------------------------------------------------------------
      1     1     1     6
      1
      1     1     7     2
      1
      1     1     9     1
      1
      1     1    10     1
      1
      1     1    11     1
      1
      1     3    12     4
    101   102   103
      1     3    16     1
    101   102   103
      1     3    17     1
    101   102   103
      1     5    18     1
    255   252   253   254   251
      1     5    19     1
    255   252   253   254   251
      1     7    20     1
    351   352   353   354   355   356   357
      2     1    21     3
      1
      2     1    24     1
      1
      2     1    25     1
      1
      2     3    26     1
    101   102   103
      2     3    27     1
    101   102   103
      2     5    28     1
    255   252   253   254   251
      3     1    29     3
      1
      3     1    32     1
      1
      3     1    33     1
      1
      3     3    34     1
    101   102   103
      3     3    35     1
    101   102   103
      3     5    36     1
    255   252   253   254   251
 ---------------------------------------------------------------------------
     0.270323826E+05   0.405238714E+04   0.922327227E+03   0.261240710E+03
     0.853546414E+02   0.310350352E+02   0.122608607E+02   0.499870760E+01
     0.117031082E+01   0.464747410E+00   0.185045364E+00   0.632749548E+02
     0.146270494E+02   0.445012235E+01   0.152757996E+01   0.529351179E+00
     0.174784213E+00   0.231400000E+01   0.645000000E+00   0.142800000E+01
     0.340613410E+02   0.512357460E+01   0.116466260E+01   0.327230410E+00
     0.103072410E+00   0.140700000E+01   0.388000000E+00   0.105700000E+01
     0.340613410E+02   0.512357460E+01   0.116466260E+01   0.327230410E+00
     0.103072410E+00   0.140700000E+01   0.388000000E+00   0.105700000E+01

     0.859858245E+00   0.160553056E+01   0.274587786E+01   0.429876745E+01
     0.587976633E+01   0.631639832E+01   0.298121475E+01   0.941955963E+00
     0.801929163E+00   0.401164806E+00   0.201079941E+00   0.000000000E+00
     0.000000000E+00   0.000000000E+00   0.000000000E+00   0.000000000E+00
     0.000000000E+00   0.000000000E+00   0.000000000E+00   0.000000000E+00
     0.255629917E+00   0.461359965E+00   0.681121494E+00   0.308354531E+00
     0.129648326E+00   0.000000000E+00   0.000000000E+00   0.000000000E+00
     0.255629917E+00   0.461359965E+00   0.681121494E+00   0.308354531E+00
     0.129648326E+00   0.000000000E+00   0.000000000E+00   0.000000000E+00

     0.000000000E+00   0.000000000E+00   0.000000000E+00   0.000000000E+00
     0.000000000E+00   0.000000000E+00   0.000000000E+00   0.000000000E+00
     0.000000000E+00   0.000000000E+00   0.000000000E+00   0.305720173E+01
     0.338448395E+01   0.294742621E+01   0.171182714E+01   0.643605792E+00
     0.161089726E+00   0.000000000E+00   0.000000000E+00   0.000000000E+00
     0.000000000E+00   0.000000000E+00   0.000000000E+00   0.000000000E+00
     0.000000000E+00   0.218427698E+01   0.436495474E+00   0.000000000E+00
     0.000000000E+00   0.000000000E+00   0.000000000E+00   0.000000000E+00
     0.000000000E+00   0.218427698E+01   0.436495474E+00   0.000000000E+00

     0.000000000E+00   0.000000000E+00   0.000000000E+00   0.000000000E+00
     0.000000000E+00   0.000000000E+00   0.000000000E+00   0.000000000E+00
     0.000000000E+00   0.000000000E+00   0.000000000E+00   0.000000000E+00
     0.000000000E+00   0.000000000E+00   0.000000000E+00   0.000000000E+00
     0.000000000E+00   0.357285451E+01   0.382040110E+00   0.000000000E+00
     0.000000000E+00   0.000000000E+00   0.000000000E+00   0.000000000E+00
     0.000000000E+00   0.000000000E+00   0.000000000E+00   0.906798281E+00
     0.000000000E+00   0.000000000E+00   0.000000000E+00   0.000000000E+00
     0.000000000E+00   0.000000000E+00   0.000000000E+00   0.906798281E+00

     0.000000000E+00   0.000000000E+00   0.000000000E+00   0.000000000E+00
     0.000000000E+00   0.000000000E+00   0.000000000E+00   0.000000000E+00
     0.000000000E+00   0.000000000E+00   0.000000000E+00   0.000000000E+00
     0.000000000E+00   0.000000000E+00   0.000000000E+00   0.000000000E+00
     0.000000000E+00   0.000000000E+00   0.000000000E+00   0.164082748E+01
     0.000000000E+00   0.000000000E+00   0.000000000E+00   0.000000000E+00
     0.000000000E+00   0.000000000E+00   0.000000000E+00   0.000000000E+00
     0.000000000E+00   0.000000000E+00   0.000000000E+00   0.000000000E+00
     0.000000000E+00   0.000000000E+00   0.000000000E+00   0.000000000E+00

     0.000000000E+00   0.000000000E+00   0.000000000E+00   0.000000000E+00
     0.000000000E+00   0.000000000E+00   0.000000000E+00   0.000000000E+00
     0.000000000E+00   0.000000000E+00   0.000000000E+00   0.000000000E+00
     0.000000000E+00   0.000000000E+00   0.000000000E+00   0.000000000E+00
     0.000000000E+00   0.000000000E+00   0.000000000E+00   0.000000000E+00
     0.000000000E+00   0.000000000E+00   0.000000000E+00   0.000000000E+00
     0.000000000E+00   0.000000000E+00   0.000000000E+00   0.000000000E+00
     0.000000000E+00   0.000000000E+00   0.000000000E+00   0.000000000E+00
     0.000000000E+00   0.000000000E+00   0.000000000E+00   0.000000000E+00

     0.000000000E+00   0.000000000E+00   0.000000000E+00   0.000000000E+00
     0.000000000E+00   0.000000000E+00   0.000000000E+00   0.000000000E+00
     0.000000000E+00   0.000000000E+00   0.000000000E+00   0.000000000E+00
     0.000000000E+00   0.000000000E+00   0.000000000E+00   0.000000000E+00
     0.000000000E+00   0.000000000E+00   0.000000000E+00   0.000000000E+00
     0.000000000E+00   0.000000000E+00   0.000000000E+00   0.000000000E+00
     0.000000000E+00   0.000000000E+00   0.000000000E+00   0.000000000E+00
     0.000000000E+00   0.000000000E+00   0.000000000E+00   0.000000000E+00
     0.000000000E+00   0.000000000E+00   0.000000000E+00   0.000000000E+00

     0.000000000E+00   0.000000000E+00   0.000000000E+00   0.000000000E+00
     0.000000000E+00   0.000000000E+00   0.000000000E+00   0.000000000E+00
     0.000000000E+00   0.000000000E+00   0.000000000E+00   0.000000000E+00
     0.000000000E+00   0.000000000E+00   0.000000000E+00   0.000000000E+00
     0.000000000E+00   0.000000000E+00   0.000000000E+00   0.000000000E+00
     0.000000000E+00   0.000000000E+00   0.000000000E+00   0.000000000E+00
     0.000000000E+00   0.000000000E+00   0.000000000E+00   0.000000000E+00
     0.000000000E+00   0.000000000E+00   0.000000000E+00   0.000000000E+00
     0.000000000E+00   0.000000000E+00   0.000000000E+00   0.000000000E+00
