 Water DF-BP86-D3(PCM)/def2-TZVPP                                               
 PNBOs in the AO basis:
 -------------------------------------------------------------------------------
     0.435643893    0.639376385    0.032953317   -0.017482107    0.004943153
     0.000000000    0.000000000    0.000000000    0.000000000    0.000000000
     0.000000000    0.000000000    0.000000000    0.000000000    0.000000000
     0.000000000    0.000000000    0.000000000    0.000000000    0.000000000
     0.000000000    0.000000000    0.000000000    0.000000000    0.000000000
     0.000000000    0.000000000    0.000000000    0.000000000    0.000000000
     0.000000000    0.000000000    0.000000000    0.000000000    0.000000000
     0.000000000    0.000000000    0.000000000    0.000000000    0.000000000
     0.000000000    0.000000000    0.000000000    0.000000000    0.000000000
     0.000000000    0.000000000    0.000000000    0.000000000    0.000000000
     0.000000000    0.000000000    0.000000000    0.000000000    0.000000000
     0.000000000    0.000000000    0.000000000    0.000000000
     0.000000000    0.000000000    0.000000000    0.000000000    0.000000000
     0.425915276    0.000000000    0.000000000    0.384343978    0.000000000
     0.000000000    0.410942943    0.000000000    0.000000000    0.000000000
     0.010664263    0.000000000    0.000000000    0.000000000    0.000000000
    -0.048513928    0.000000000    0.000000000    0.000000000    0.000000000
     0.003671425    0.000000000    0.000000000    0.000000000   -0.008683150
     0.000000000    0.000000000    0.000000000    0.000000000    0.000000000
     0.000000000    0.000000000    0.000000000    0.000000000    0.000000000
     0.000000000    0.000000000    0.000000000    0.000000000    0.000000000
     0.000000000    0.000000000    0.000000000    0.000000000    0.000000000
     0.000000000    0.000000000    0.000000000    0.000000000    0.000000000
     0.000000000    0.000000000    0.000000000    0.000000000
    -0.079411414   -0.172659597    0.221190237    0.413172253    0.198985360
     0.000000000    0.000000000    0.292254033    0.000000000    0.000000000
     0.255818502    0.000000000    0.000000000    0.271794071    0.008293821
     0.000000000    0.000000000    0.002829158    0.000000000   -0.036877490
     0.000000000    0.000000000   -0.013143999    0.000000000    0.003829598
     0.000000000    0.000000000    0.000505089    0.000000000    0.000000000
     0.000000000    0.000000000    0.000000000    0.000000000    0.000000000
     0.000000000    0.000000000    0.000000000    0.000000000    0.000000000
     0.000000000    0.000000000    0.000000000    0.000000000    0.000000000
     0.000000000    0.000000000    0.000000000    0.000000000    0.000000000
     0.000000000    0.000000000    0.000000000    0.000000000    0.000000000
     0.000000000    0.000000000    0.000000000    0.000000000
    -0.034515486   -0.076125815    0.100668434    0.182184255    0.074054710
     0.000000000    0.187434602   -0.138151573    0.000000000    0.233003610
    -0.160859759    0.000000000    0.145297547   -0.123873660   -0.004227565
     0.000000000    0.006291577    0.003568866    0.000000000    0.019803005
     0.000000000   -0.033933237   -0.017713668    0.000000000    0.000342510
     0.000000000    0.000180564    0.004607836    0.000000000    0.000000000
    -0.003361414    0.052138142    0.401844987   -0.051536593    0.000000000
    -0.010522823    0.012275688    0.000000000    0.003690193   -0.008194769
     0.001079943    0.000000000   -0.004109213   -0.003327793    0.000000000
     0.000000000    0.000000000    0.000000000    0.000000000    0.000000000
     0.000000000    0.000000000    0.000000000    0.000000000    0.000000000
     0.000000000    0.000000000    0.000000000    0.000000000
    -0.034515486   -0.076125815    0.100668434    0.182184255    0.074054710
     0.000000000   -0.187434602   -0.138151573    0.000000000   -0.233003610
    -0.160859759    0.000000000   -0.145297547   -0.123873660   -0.004227565
     0.000000000   -0.006291577    0.003568866    0.000000000    0.019803005
     0.000000000    0.033933237   -0.017713668    0.000000000    0.000342510
     0.000000000   -0.000180564    0.004607836    0.000000000    0.000000000
     0.003361414    0.000000000    0.000000000    0.000000000    0.000000000
     0.000000000    0.000000000    0.000000000    0.000000000    0.000000000
     0.000000000    0.000000000    0.000000000    0.000000000    0.000000000
     0.052138142    0.401844987   -0.051536593    0.000000000    0.010522823
     0.012275688    0.000000000   -0.003690193   -0.008194769    0.001079943
     0.000000000    0.004109213   -0.003327793    0.000000000
     0.044093246    0.097250092   -0.128603084   -0.232738864   -0.094604274
     0.000000000   -0.239446139    0.176487481    0.000000000   -0.297660166
     0.205496999    0.000000000   -0.185616403    0.158247567    0.005400679
     0.000000000   -0.008037437   -0.004559197    0.000000000   -0.025298173
     0.000000000    0.043349427    0.022629063    0.000000000   -0.000437554
     0.000000000   -0.000230669   -0.005886472    0.000000000    0.000000000
     0.004294178    0.184485408    1.421886801   -0.182356886    0.000000000
    -0.037233918    0.043436250    0.000000000    0.013057367   -0.028996339
     0.003821265    0.000000000   -0.014540023   -0.011775051    0.000000000
     0.000000000    0.000000000    0.000000000    0.000000000    0.000000000
     0.000000000    0.000000000    0.000000000    0.000000000    0.000000000
     0.000000000    0.000000000    0.000000000    0.000000000
     0.044093246    0.097250092   -0.128603084   -0.232738864   -0.094604274
     0.000000000    0.239446139    0.176487481    0.000000000    0.297660166
     0.205496999    0.000000000    0.185616403    0.158247567    0.005400679
     0.000000000    0.008037437   -0.004559197    0.000000000   -0.025298173
     0.000000000   -0.043349427    0.022629063    0.000000000   -0.000437554
     0.000000000    0.000230669   -0.005886472    0.000000000    0.000000000
    -0.004294178    0.000000000    0.000000000    0.000000000    0.000000000
     0.000000000    0.000000000    0.000000000    0.000000000    0.000000000
     0.000000000    0.000000000    0.000000000    0.000000000    0.000000000
     0.184485408    1.421886801   -0.182356886    0.000000000    0.037233918
     0.043436250    0.000000000   -0.013057367   -0.028996339    0.003821265
     0.000000000    0.014540023   -0.011775051    0.000000000
     0.000063684    0.000195909   -0.000418147   -0.000469664    0.000501191
     0.000000000    0.000000000   -0.782590714    0.000000000    0.000000000
     0.080704878    0.000000000    0.000000000    0.674003991    0.073016200
     0.000000000    0.000000000   -0.448189669    0.000000000   -0.057014148
     0.000000000    0.000000000    0.153946287    0.000000000    0.059472973
     0.000000000    0.000000000    0.112682666    0.000000000    0.000000000
     0.000000000    0.000000000    0.000000000    0.000000000    0.000000000
     0.000000000    0.000000000    0.000000000    0.000000000    0.000000000
     0.000000000    0.000000000    0.000000000    0.000000000    0.000000000
     0.000000000    0.000000000    0.000000000    0.000000000    0.000000000
     0.000000000    0.000000000    0.000000000    0.000000000    0.000000000
     0.000000000    0.000000000    0.000000000    0.000000000
     0.068141248    0.291162820   -0.789186173   -0.698883753    1.474268906
     0.000000000    0.000000000   -0.004566506    0.000000000    0.000000000
    -0.005073970    0.000000000    0.000000000   -0.004690148   -0.000166044
     0.000000000    0.000000000    0.000251278    0.000000000    0.000682473
     0.000000000    0.000000000   -0.000351990    0.000000000   -0.000025584
     0.000000000    0.000000000   -0.000048474    0.000000000    0.000000000
     0.000000000    0.000000000    0.000000000    0.000000000    0.000000000
     0.000000000    0.000000000    0.000000000    0.000000000    0.000000000
     0.000000000    0.000000000    0.000000000    0.000000000    0.000000000
     0.000000000    0.000000000    0.000000000    0.000000000    0.000000000
     0.000000000    0.000000000    0.000000000    0.000000000    0.000000000
     0.000000000    0.000000000    0.000000000    0.000000000
    -0.387604850    0.966016954   -3.059562659    4.236281096   -2.067494446
     0.000000000    0.000000000    0.000000000    0.000000000    0.000000000
     0.000000000    0.000000000    0.000000000    0.000000000    0.000000000
     0.000000000    0.000000000    0.000000000    0.000000000    0.000000000
     0.000000000    0.000000000    0.000000000    0.000000000    0.000000000
     0.000000000    0.000000000    0.000000000    0.000000000    0.000000000
     0.000000000    0.000000000    0.000000000    0.000000000    0.000000000
     0.000000000    0.000000000    0.000000000    0.000000000    0.000000000
     0.000000000    0.000000000    0.000000000    0.000000000    0.000000000
     0.000000000    0.000000000    0.000000000    0.000000000    0.000000000
     0.000000000    0.000000000    0.000000000    0.000000000    0.000000000
     0.000000000    0.000000000    0.000000000    0.000000000
    -1.336264589    1.410256752   -0.235968373   -0.415594411    0.333451521
     0.000000000    0.000000000    0.000000000    0.000000000    0.000000000
     0.000000000    0.000000000    0.000000000    0.000000000    0.000000000
     0.000000000    0.000000000    0.000000000    0.000000000    0.000000000
     0.000000000    0.000000000    0.000000000    0.000000000    0.000000000
     0.000000000    0.000000000    0.000000000    0.000000000    0.000000000
     0.000000000    0.000000000    0.000000000    0.000000000    0.000000000
     0.000000000    0.000000000    0.000000000    0.000000000    0.000000000
     0.000000000    0.000000000    0.000000000    0.000000000    0.000000000
     0.000000000    0.000000000    0.000000000    0.000000000    0.000000000
     0.000000000    0.000000000    0.000000000    0.000000000    0.000000000
     0.000000000    0.000000000    0.000000000    0.000000000
     0.000000000    0.000000000    0.000000000    0.000000000    0.000000000
    -0.474118271    0.000000000    0.000000000    1.559335261    0.000000000
     0.000000000   -1.401962602    0.000000000    0.000000000    0.000000000
     0.000273733    0.000000000    0.000000000    0.000000000    0.000000000
    -0.001337713    0.000000000    0.000000000    0.000000000    0.000000000
     0.000000000    0.000000000    0.000000000    0.000000000    0.000000000
     0.000000000    0.000000000    0.000000000    0.000000000    0.000000000
     0.000000000    0.000000000    0.000000000    0.000000000    0.000000000
     0.000000000    0.000000000    0.000000000    0.000000000    0.000000000
     0.000000000    0.000000000    0.000000000    0.000000000    0.000000000
     0.000000000    0.000000000    0.000000000    0.000000000    0.000000000
     0.000000000    0.000000000    0.000000000    0.000000000
     0.000000000    0.000000000    0.000000000    0.000000000    0.000000000
     1.171419627    0.000000000    0.000000000   -0.814226767    0.000000000
     0.000000000   -0.166230492    0.000000000    0.000000000    0.000000000
     0.000014680    0.000000000    0.000000000    0.000000000    0.000000000
    -0.000071741    0.000000000    0.000000000    0.000000000    0.000000000
     0.000005460    0.000000000    0.000000000    0.000000000   -0.000012913
     0.000000000    0.000000000    0.000000000    0.000000000    0.000000000
     0.000000000    0.000000000    0.000000000    0.000000000    0.000000000
     0.000000000    0.000000000    0.000000000    0.000000000    0.000000000
     0.000000000    0.000000000    0.000000000    0.000000000    0.000000000
     0.000000000    0.000000000    0.000000000    0.000000000    0.000000000
     0.000000000    0.000000000    0.000000000    0.000000000
     0.000000000    0.000000000    0.000000000    0.000000000    0.000000000
     0.000000000   -0.503899839    0.000000000    0.000000000    1.527419383
     0.000000000    0.000000000   -1.428065303    0.000000000    0.000000000
     0.000000000   -0.000664262    0.000000000    0.000000000    0.000000000
     0.000000000    0.003246194    0.000000000    0.000000000    0.000000000
     0.000000000    0.000000000    0.000000000    0.000000000    0.000000000
     0.000000000    0.000000000    0.000000000    0.000000000    0.000000000
     0.000000000    0.000000000    0.000000000    0.000000000    0.000000000
     0.000000000    0.000000000    0.000000000    0.000000000    0.000000000
     0.000000000    0.000000000    0.000000000    0.000000000    0.000000000
     0.000000000    0.000000000    0.000000000    0.000000000    0.000000000
     0.000000000    0.000000000    0.000000000    0.000000000
     0.000000000    0.000000000    0.000000000    0.000000000    0.000000000
     0.000000000    1.169393241    0.000000000    0.000000000   -0.816541673
     0.000000000    0.000000000   -0.167926978    0.000000000    0.000000000
     0.000000000   -0.000052195    0.000000000    0.000000000    0.000000000
     0.000000000    0.000255075    0.000000000    0.000000000    0.000000000
     0.000000000    0.000000000    0.000000000    0.000000000    0.000000000
     0.000025090    0.000000000    0.000000000    0.000000000    0.000000000
     0.000000000    0.000000000    0.000000000    0.000000000    0.000000000
     0.000000000    0.000000000    0.000000000    0.000000000    0.000000000
     0.000000000    0.000000000    0.000000000    0.000000000    0.000000000
     0.000000000    0.000000000    0.000000000    0.000000000    0.000000000
     0.000000000    0.000000000    0.000000000    0.000000000
    -0.002355140   -0.005151625    0.006689792    0.012328236    0.005545015
     0.000000000    0.000000000   -0.930897561    0.000000000    0.000000000
     1.747359104    0.000000000    0.000000000   -1.211879017    0.000014800
     0.000000000    0.000000000    0.000149494    0.000000000   -0.000072328
     0.000000000    0.000000000   -0.000730566    0.000000000    0.000000000
     0.000000000    0.000000000    0.000000000    0.000000000    0.000000000
     0.000000000    0.000000000    0.000000000    0.000000000    0.000000000
     0.000000000    0.000000000    0.000000000    0.000000000    0.000000000
     0.000000000    0.000000000    0.000000000    0.000000000    0.000000000
     0.000000000    0.000000000    0.000000000    0.000000000    0.000000000
     0.000000000    0.000000000    0.000000000    0.000000000    0.000000000
     0.000000000    0.000000000    0.000000000    0.000000000
     0.000000000    0.000000000    0.000000000    0.000000000    0.000000000
     0.000000000    0.000000000    0.000000000    0.000000000    0.000000000
     0.000000000    0.000000000    0.000000000    0.000000000    0.000000000
     0.000000000    0.000000000    0.000000000   -0.224273343    0.000000000
     0.000000000    0.000000000    0.000000000    1.096005342    0.000000000
     0.000000000    0.000000000    0.000000000    0.000000000    0.000000000
     0.000000000    0.000000000    0.000000000    0.000000000    0.000000000
     0.000000000    0.000000000    0.000000000    0.000000000    0.000000000
     0.000000000    0.000000000    0.000000000    0.000000000    0.000000000
     0.000000000    0.000000000    0.000000000    0.000000000    0.000000000
     0.000000000    0.000000000    0.000000000    0.000000000    0.000000000
     0.000000000    0.000000000    0.000000000    0.000000000
     0.000000000    0.000000000    0.000000000    0.000000000    0.000000000
     0.000000000    0.000000000    0.000000000    0.000000000    0.000000000
     0.000000000    0.000000000    0.000000000    0.000000000    0.000000000
     0.000000000    0.000000000    0.000000000    1.142059360    0.000000000
     0.000000000    0.000000000    0.000000000   -0.391625339    0.000000000
     0.000000000    0.000000000    0.000000000    0.000000000    0.000000000
     0.000000000    0.000000000    0.000000000    0.000000000    0.000000000
     0.000000000    0.000000000    0.000000000    0.000000000    0.000000000
     0.000000000    0.000000000    0.000000000    0.000000000    0.000000000
     0.000000000    0.000000000    0.000000000    0.000000000    0.000000000
     0.000000000    0.000000000    0.000000000    0.000000000    0.000000000
     0.000000000    0.000000000    0.000000000    0.000000000
     0.000000000    0.000000000    0.000000000    0.000000000    0.000000000
     0.018264632    0.000000000    0.000000000    0.018787073    0.000000000
     0.000000000    0.016383688    0.000000000    0.000000000    0.000000000
    -0.224055793    0.000000000    0.000000000    0.000000000    0.000000000
     1.094942191    0.000000000    0.000000000    0.000000000    0.000000000
     0.000000000    0.000000000    0.000000000    0.000000000    0.000000000
     0.000000000    0.000000000    0.000000000    0.000000000    0.000000000
     0.000000000    0.000000000    0.000000000    0.000000000    0.000000000
     0.000000000    0.000000000    0.000000000    0.000000000    0.000000000
     0.000000000    0.000000000    0.000000000    0.000000000    0.000000000
     0.000000000    0.000000000    0.000000000    0.000000000    0.000000000
     0.000000000    0.000000000    0.000000000    0.000000000
     0.000000000    0.000000000    0.000000000    0.000000000    0.000000000
    -0.000295578    0.000000000    0.000000000   -0.000266728    0.000000000
     0.000000000   -0.000285188    0.000000000    0.000000000    0.000000000
     1.142052235    0.000000000    0.000000000    0.000000000    0.000000000
    -0.391591765    0.000000000    0.000000000    0.000000000    0.000000000
    -0.000002548    0.000000000    0.000000000    0.000000000    0.000006026
     0.000000000    0.000000000    0.000000000    0.000000000    0.000000000
     0.000000000    0.000000000    0.000000000    0.000000000    0.000000000
     0.000000000    0.000000000    0.000000000    0.000000000    0.000000000
     0.000000000    0.000000000    0.000000000    0.000000000    0.000000000
     0.000000000    0.000000000    0.000000000    0.000000000    0.000000000
     0.000000000    0.000000000    0.000000000    0.000000000
     0.000000000    0.000000000    0.000000000    0.000000000    0.000000000
     0.000000000    0.027334429    0.000000000    0.000000000    0.028116302
     0.000000000    0.000000000    0.024519451    0.000000000    0.000000000
     0.000000000   -0.223785793    0.000000000    0.000000000    0.000000000
     0.000000000    1.093622723    0.000000000    0.000000000    0.000000000
     0.000000000    0.000000000    0.000000000    0.000000000    0.000000000
     0.000000000    0.000000000    0.000000000    0.000000000    0.000000000
     0.000000000    0.000000000    0.000000000    0.000000000    0.000000000
     0.000000000    0.000000000    0.000000000    0.000000000    0.000000000
     0.000000000    0.000000000    0.000000000    0.000000000    0.000000000
     0.000000000    0.000000000    0.000000000    0.000000000    0.000000000
     0.000000000    0.000000000    0.000000000    0.000000000
     0.000000000    0.000000000    0.000000000    0.000000000    0.000000000
     0.000000000    0.000513114    0.000000000    0.000000000    0.000637863
     0.000000000    0.000000000    0.000397761    0.000000000    0.000000000
     0.000000000    1.142077544    0.000000000    0.000000000    0.000000000
     0.000000000   -0.391718563    0.000000000    0.000000000    0.000000000
     0.000000000    0.000000000    0.000000000    0.000000000    0.000000000
    -0.000009202    0.000000000    0.000000000    0.000000000    0.000000000
     0.000000000    0.000000000    0.000000000    0.000000000    0.000000000
     0.000000000    0.000000000    0.000000000    0.000000000    0.000000000
     0.000000000    0.000000000    0.000000000    0.000000000    0.000000000
     0.000000000    0.000000000    0.000000000    0.000000000    0.000000000
     0.000000000    0.000000000    0.000000000    0.000000000
    -0.003424676   -0.007486802    0.009709703    0.017916431    0.008112875
     0.000000000    0.000000000   -0.006950720    0.000000000    0.000000000
    -0.007405323    0.000000000    0.000000000   -0.006632305   -0.000223150
     0.000000000    0.000000000   -0.223996911    0.000000000    0.001003933
     0.000000000    0.000000000    1.095242529    0.000000000   -0.000017176
     0.000000000    0.000000000   -0.000032543    0.000000000    0.000000000
     0.000000000    0.000000000    0.000000000    0.000000000    0.000000000
     0.000000000    0.000000000    0.000000000    0.000000000    0.000000000
     0.000000000    0.000000000    0.000000000    0.000000000    0.000000000
     0.000000000    0.000000000    0.000000000    0.000000000    0.000000000
     0.000000000    0.000000000    0.000000000    0.000000000    0.000000000
     0.000000000    0.000000000    0.000000000    0.000000000
    -0.000027767   -0.000063522    0.000090547    0.000152055    0.000033332
     0.000000000    0.000000000   -0.341408799    0.000000000    0.000000000
     0.035311526    0.000000000    0.000000000    0.294235846   -0.000019108
     0.000000000    0.000000000    1.048463578    0.000000000    0.000092753
     0.000000000    0.000000000   -0.359567673    0.000000000   -0.000000388
     0.000000000    0.000000000    0.000000931    0.000000000    0.000000000
     0.000000000    0.000000000    0.000000000    0.000000000    0.000000000
     0.000000000    0.000000000    0.000000000    0.000000000    0.000000000
     0.000000000    0.000000000    0.000000000    0.000000000    0.000000000
     0.000000000    0.000000000    0.000000000    0.000000000    0.000000000
     0.000000000    0.000000000    0.000000000    0.000000000    0.000000000
     0.000000000    0.000000000    0.000000000    0.000000000
    -0.000079161   -0.000172870    0.000223659    0.000413688    0.000189667
     0.000000000    0.000000000    0.004205935    0.000000000    0.000000000
    -0.024195035    0.000000000    0.000000000   -0.040541155    0.223873259
     0.000000000    0.000000000    0.014431471    0.000000000   -1.094050175
     0.000000000    0.000000000   -0.004946139    0.000000000   -0.000000005
     0.000000000    0.000000000    0.000000013    0.000000000    0.000000000
     0.000000000    0.000000000    0.000000000    0.000000000    0.000000000
     0.000000000    0.000000000    0.000000000    0.000000000    0.000000000
     0.000000000    0.000000000    0.000000000    0.000000000    0.000000000
     0.000000000    0.000000000    0.000000000    0.000000000    0.000000000
     0.000000000    0.000000000    0.000000000    0.000000000    0.000000000
     0.000000000    0.000000000    0.000000000    0.000000000
    -0.000034694   -0.000075028    0.000094939    0.000179535    0.000091590
     0.000000000    0.000000000   -0.045742711    0.000000000    0.000000000
     0.005028283    0.000000000    0.000000000    0.039918849   -1.139698252
     0.000000000    0.000000000   -0.026361388    0.000000000    0.388899145
     0.000000000    0.000000000    0.009038473    0.000000000    0.000002450
     0.000000000    0.000000000   -0.000003054    0.000000000    0.000000000
     0.000000000    0.000000000    0.000000000    0.000000000    0.000000000
     0.000000000    0.000000000    0.000000000    0.000000000    0.000000000
     0.000000000    0.000000000    0.000000000    0.000000000    0.000000000
     0.000000000    0.000000000    0.000000000    0.000000000    0.000000000
     0.000000000    0.000000000    0.000000000    0.000000000    0.000000000
     0.000000000    0.000000000    0.000000000    0.000000000
    -0.000360419   -0.000785688    0.001012492    0.001880173    0.000879546
     0.000000000    0.000000000   -0.046334791    0.000000000    0.000000000
     0.005584321    0.000000000    0.000000000    0.041510938    0.004428301
     0.000000000    0.000000000   -0.027026456    0.000000000   -0.003548241
     0.000000000    0.000000000    0.009191169    0.000000000   -0.998199520
     0.000000000    0.000000000    0.000008940    0.000000000    0.000000000
     0.000000000    0.000000000    0.000000000    0.000000000    0.000000000
     0.000000000    0.000000000    0.000000000    0.000000000    0.000000000
     0.000000000    0.000000000    0.000000000    0.000000000    0.000000000
     0.000000000    0.000000000    0.000000000    0.000000000    0.000000000
     0.000000000    0.000000000    0.000000000    0.000000000    0.000000000
     0.000000000    0.000000000    0.000000000    0.000000000
     0.000000000    0.000000000    0.000000000    0.000000000    0.000000000
    -0.001570123    0.000000000    0.000000000   -0.001406655    0.000000000
     0.000000000   -0.001507849    0.000000000    0.000000000    0.000000000
    -0.000036244    0.000000000    0.000000000    0.000000000    0.000000000
     0.000177119    0.000000000    0.000000000    0.000000000    0.000000000
     0.999993260    0.000000000    0.000000000    0.000000000    0.000031880
     0.000000000    0.000000000    0.000000000    0.000000000    0.000000000
     0.000000000    0.000000000    0.000000000    0.000000000    0.000000000
     0.000000000    0.000000000    0.000000000    0.000000000    0.000000000
     0.000000000    0.000000000    0.000000000    0.000000000    0.000000000
     0.000000000    0.000000000    0.000000000    0.000000000    0.000000000
     0.000000000    0.000000000    0.000000000    0.000000000
     0.000000000    0.000000000    0.000000000    0.000000000    0.000000000
     0.000000000   -0.000150874    0.000000000    0.000000000   -0.000187555
     0.000000000    0.000000000   -0.000116956    0.000000000    0.000000000
     0.000000000   -0.000005064    0.000000000    0.000000000    0.000000000
     0.000000000    0.000027314    0.000000000    0.000000000    0.000000000
     0.000000000    0.999999927    0.000000000    0.000000000    0.000000000
     0.000002706    0.000000000    0.000000000    0.000000000    0.000000000
     0.000000000    0.000000000    0.000000000    0.000000000    0.000000000
     0.000000000    0.000000000    0.000000000    0.000000000    0.000000000
     0.000000000    0.000000000    0.000000000    0.000000000    0.000000000
     0.000000000    0.000000000    0.000000000    0.000000000    0.000000000
     0.000000000    0.000000000    0.000000000    0.000000000
    -0.000749939   -0.001653353    0.002184443    0.003956795    0.001616826
     0.000000000    0.000000000   -0.091461657    0.000000000    0.000000000
     0.005957743    0.000000000    0.000000000    0.074017217    0.008201172
     0.000000000    0.000000000   -0.050745999    0.000000000   -0.006076641
     0.000000000    0.000000000    0.017050075    0.000000000    0.006744901
     0.000000000    0.000000000   -0.993583266    0.000000000    0.000000000
     0.000000000    0.000000000    0.000000000    0.000000000    0.000000000
     0.000000000    0.000000000    0.000000000    0.000000000    0.000000000
     0.000000000    0.000000000    0.000000000    0.000000000    0.000000000
     0.000000000    0.000000000    0.000000000    0.000000000    0.000000000
     0.000000000    0.000000000    0.000000000    0.000000000    0.000000000
     0.000000000    0.000000000    0.000000000    0.000000000
     0.000000000    0.000000000    0.000000000    0.000000000    0.000000000
     0.000000000    0.000000000    0.000000000    0.000000000    0.000000000
     0.000000000    0.000000000    0.000000000    0.000000000    0.000000000
     0.000000000    0.000000000    0.000000000    0.000000000    0.000000000
     0.000000000    0.000000000    0.000000000    0.000000000    0.000000000
     0.000000000    0.000000000    0.000000000    1.000000000    0.000000000
     0.000000000    0.000000000    0.000000000    0.000000000    0.000000000
     0.000000000    0.000000000    0.000000000    0.000000000    0.000000000
     0.000000000    0.000000000    0.000000000    0.000000000    0.000000000
     0.000000000    0.000000000    0.000000000    0.000000000    0.000000000
     0.000000000    0.000000000    0.000000000    0.000000000    0.000000000
     0.000000000    0.000000000    0.000000000    0.000000000
     0.000000000    0.000000000    0.000000000    0.000000000    0.000000000
     0.003713604    0.000000000    0.000000000    0.003326974    0.000000000
     0.000000000    0.003566317    0.000000000    0.000000000    0.000000000
     0.000085722    0.000000000    0.000000000    0.000000000    0.000000000
    -0.000418916    0.000000000    0.000000000    0.000000000    0.000000000
     0.000000000    0.000000000    0.000000000    0.000000000    0.999962300
     0.000000000    0.000000000    0.000000000    0.000000000    0.000000000
     0.000000000    0.000000000    0.000000000    0.000000000    0.000000000
     0.000000000    0.000000000    0.000000000    0.000000000    0.000000000
     0.000000000    0.000000000    0.000000000    0.000000000    0.000000000
     0.000000000    0.000000000    0.000000000    0.000000000    0.000000000
     0.000000000    0.000000000    0.000000000    0.000000000
     0.000000000    0.000000000    0.000000000    0.000000000    0.000000000
     0.000000000    0.002779438    0.000000000    0.000000000    0.003512135
     0.000000000    0.000000000    0.002181552    0.000000000    0.000000000
     0.000000000    0.000104793    0.000000000    0.000000000    0.000000000
     0.000000000   -0.000512113    0.000000000    0.000000000    0.000000000
     0.000000000    0.000000000    0.000000000    0.000000000    0.000000000
     0.999974814    0.000000000    0.000000000    0.000000000    0.000000000
     0.000000000    0.000000000    0.000000000    0.000000000    0.000000000
     0.000000000    0.000000000    0.000000000    0.000000000    0.000000000
     0.000000000    0.000000000    0.000000000    0.000000000    0.000000000
     0.000000000    0.000000000    0.000000000    0.000000000    0.000000000
     0.000000000    0.000000000    0.000000000    0.000000000
     0.000000000    0.000000000    0.000000000    0.000000000    0.000000000
     0.000000000    0.000000000    0.000000000    0.000000000    0.000000000
     0.000000000    0.000000000    0.000000000    0.000000000    0.000000000
     0.000000000    0.000000000    0.000000000    0.000000000    0.000000000
     0.000000000    0.000000000    0.000000000    0.000000000    0.000000000
     0.000000000    0.000000000    0.000000000    0.000000000    0.000000000
     0.000000000   -1.211343538    1.706550598   -1.027046035    0.000000000
    -0.042270882   -0.259772474    0.000000000    0.228107508    0.634052660
    -0.074680925    0.000000000    0.065021845    0.048096638    0.000000000
     0.000000000    0.000000000    0.000000000    0.000000000    0.000000000
     0.000000000    0.000000000    0.000000000    0.000000000    0.000000000
     0.000000000    0.000000000    0.000000000    0.000000000
     0.000000000    0.000000000    0.000000000    0.000000000    0.000000000
     0.000000000    0.000000000    0.000000000    0.000000000    0.000000000
     0.000000000    0.000000000    0.000000000    0.000000000    0.000000000
     0.000000000    0.000000000    0.000000000    0.000000000    0.000000000
     0.000000000    0.000000000    0.000000000    0.000000000    0.000000000
     0.000000000    0.000000000    0.000000000    0.000000000    0.000000000
     0.000000000    0.000000000    0.000000000    0.000000000   -0.254864644
     0.000000000    0.000000000    1.134856097    0.000000000    0.000000000
     0.000000000   -0.026665859    0.000000000    0.000000000    0.046357766
     0.000000000    0.000000000    0.000000000    0.000000000    0.000000000
     0.000000000    0.000000000    0.000000000    0.000000000    0.000000000
     0.000000000    0.000000000    0.000000000    0.000000000
     0.000000000    0.000000000    0.000000000    0.000000000    0.000000000
     0.000000000    0.000000000    0.000000000    0.000000000    0.000000000
     0.000000000    0.000000000    0.000000000    0.000000000    0.000000000
     0.000000000    0.000000000    0.000000000    0.000000000    0.000000000
     0.000000000    0.000000000    0.000000000    0.000000000    0.000000000
     0.000000000    0.000000000    0.000000000    0.000000000    0.000000000
     0.000000000   -0.849636428    0.797244191   -0.170947655    0.000000000
    -0.063634723   -0.005250440    0.000000000   -0.065418747   -0.798109966
    -0.011509843    0.000000000    0.133718635    0.054197573    0.000000000
     0.000000000    0.000000000    0.000000000    0.000000000    0.000000000
     0.000000000    0.000000000    0.000000000    0.000000000    0.000000000
     0.000000000    0.000000000    0.000000000    0.000000000
     0.000000000    0.000000000    0.000000000    0.000000000    0.000000000
     0.000000000    0.000000000    0.000000000    0.000000000    0.000000000
     0.000000000    0.000000000    0.000000000    0.000000000    0.000000000
     0.000000000    0.000000000    0.000000000    0.000000000    0.000000000
     0.000000000    0.000000000    0.000000000    0.000000000    0.000000000
     0.000000000    0.000000000    0.000000000    0.000000000    0.000000000
     0.000000000   -0.285849686   -0.098797259    0.423885050    0.000000000
    -0.507336888    0.206815984    0.000000000    0.308526078   -0.053419110
    -0.004181498    0.000000000   -0.674287667   -0.445736400    0.000000000
     0.000000000    0.000000000    0.000000000    0.000000000    0.000000000
     0.000000000    0.000000000    0.000000000    0.000000000    0.000000000
     0.000000000    0.000000000    0.000000000    0.000000000
     0.000000000    0.000000000    0.000000000    0.000000000    0.000000000
     0.000000000    0.000000000    0.000000000    0.000000000    0.000000000
     0.000000000    0.000000000    0.000000000    0.000000000    0.000000000
     0.000000000    0.000000000    0.000000000    0.000000000    0.000000000
     0.000000000    0.000000000    0.000000000    0.000000000    0.000000000
     0.000000000    0.000000000    0.000000000    0.000000000    0.000000000
     0.000000000    0.000000000    0.000000000    0.000000000    1.242140648
     0.000000000    0.000000000   -0.562550647    0.000000000    0.000000000
     0.000000000    0.000000000    0.000000000    0.000000000    0.000000000
     0.000000000    0.000000000    0.000000000    0.000000000    0.000000000
     0.000000000    0.000000000    0.000000000    0.000000000    0.000000000
     0.000000000    0.000000000    0.000000000    0.000000000
     0.000000000    0.000000000    0.000000000    0.000000000    0.000000000
     0.000000000    0.000000000    0.000000000    0.000000000    0.000000000
     0.000000000    0.000000000    0.000000000    0.000000000    0.000000000
     0.000000000    0.000000000    0.000000000    0.000000000    0.000000000
     0.000000000    0.000000000    0.000000000    0.000000000    0.000000000
     0.000000000    0.000000000    0.000000000    0.000000000    0.000000000
     0.000000000    0.091613568   -0.408785981    0.482746810    0.000000000
     0.250102178    0.042089798    0.000000000    0.777753146   -0.147570971
     0.001516679    0.000000000   -0.002020421   -0.001455379    0.000000000
     0.000000000    0.000000000    0.000000000    0.000000000    0.000000000
     0.000000000    0.000000000    0.000000000    0.000000000    0.000000000
     0.000000000    0.000000000    0.000000000    0.000000000
     0.000000000    0.000000000    0.000000000    0.000000000    0.000000000
     0.000000000    0.000000000    0.000000000    0.000000000    0.000000000
     0.000000000    0.000000000    0.000000000    0.000000000    0.000000000
     0.000000000    0.000000000    0.000000000    0.000000000    0.000000000
     0.000000000    0.000000000    0.000000000    0.000000000    0.000000000
     0.000000000    0.000000000    0.000000000    0.000000000    0.000000000
     0.000000000   -0.009847851   -0.531565111    0.739729570    0.000000000
    -0.661953851    0.316138859    0.000000000    0.406338569    0.035603860
    -0.002043605    0.000000000    0.633123421    0.001421411    0.000000000
     0.000000000    0.000000000    0.000000000    0.000000000    0.000000000
     0.000000000    0.000000000    0.000000000    0.000000000    0.000000000
     0.000000000    0.000000000    0.000000000    0.000000000
     0.000000000    0.000000000    0.000000000    0.000000000    0.000000000
     0.000000000    0.000000000    0.000000000    0.000000000    0.000000000
     0.000000000    0.000000000    0.000000000    0.000000000    0.000000000
     0.000000000    0.000000000    0.000000000    0.000000000    0.000000000
     0.000000000    0.000000000    0.000000000    0.000000000    0.000000000
     0.000000000    0.000000000    0.000000000    0.000000000    0.000000000
     0.000000000   -0.247441556   -0.446961980    0.918477594    0.000000000
     0.820322635   -0.079123815    0.000000000   -0.787594428    0.280625680
    -0.002611234    0.000000000    0.002715747    0.001914149    0.000000000
     0.000000000    0.000000000    0.000000000    0.000000000    0.000000000
     0.000000000    0.000000000    0.000000000    0.000000000    0.000000000
     0.000000000    0.000000000    0.000000000    0.000000000
     0.000000000    0.000000000    0.000000000    0.000000000    0.000000000
     0.000000000    0.000000000    0.000000000    0.000000000    0.000000000
     0.000000000    0.000000000    0.000000000    0.000000000    0.000000000
     0.000000000    0.000000000    0.000000000    0.000000000    0.000000000
     0.000000000    0.000000000    0.000000000    0.000000000    0.000000000
     0.000000000    0.000000000    0.000000000    0.000000000    0.000000000
     0.000000000   -0.241769634    0.521310994   -0.483479542    0.000000000
     0.330341301    1.172372816    0.000000000   -0.209770535   -0.679865406
     0.000823233    0.000000000   -0.000836043   -0.000574521    0.000000000
     0.000000000    0.000000000    0.000000000    0.000000000    0.000000000
     0.000000000    0.000000000    0.000000000    0.000000000    0.000000000
     0.000000000    0.000000000    0.000000000    0.000000000
     0.000000000    0.000000000    0.000000000    0.000000000    0.000000000
     0.000000000    0.000000000    0.000000000    0.000000000    0.000000000
     0.000000000    0.000000000    0.000000000    0.000000000    0.000000000
     0.000000000    0.000000000    0.000000000    0.000000000    0.000000000
     0.000000000    0.000000000    0.000000000    0.000000000    0.000000000
     0.000000000    0.000000000    0.000000000    0.000000000    0.000000000
     0.000000000    0.000000000    0.000000000    0.000000000    0.011836097
     0.000000000    0.000000000   -0.052703531    0.000000000    0.000000000
     0.000000000    0.000000000    0.000000000    0.000000000    0.998924135
     0.000000000    0.000000000    0.000000000    0.000000000    0.000000000
     0.000000000    0.000000000    0.000000000    0.000000000    0.000000000
     0.000000000    0.000000000    0.000000000    0.000000000
     0.000000000    0.000000000    0.000000000    0.000000000    0.000000000
     0.000000000    0.000000000    0.000000000    0.000000000    0.000000000
     0.000000000    0.000000000    0.000000000    0.000000000    0.000000000
     0.000000000    0.000000000    0.000000000    0.000000000    0.000000000
     0.000000000    0.000000000    0.000000000    0.000000000    0.000000000
     0.000000000    0.000000000    0.000000000    0.000000000    0.000000000
     0.000000000    0.000000000    0.000000000    0.000000000   -0.006798602
     0.000000000    0.000000000    0.030272677    0.000000000    0.000000000
     0.000000000    0.999644403    0.000000000    0.000000000    0.001236609
     0.000000000    0.000000000    0.000000000    0.000000000    0.000000000
     0.000000000    0.000000000    0.000000000    0.000000000    0.000000000
     0.000000000    0.000000000    0.000000000    0.000000000
     0.000000000    0.000000000    0.000000000    0.000000000    0.000000000
     0.000000000    0.000000000    0.000000000    0.000000000    0.000000000
     0.000000000    0.000000000    0.000000000    0.000000000    0.000000000
     0.000000000    0.000000000    0.000000000    0.000000000    0.000000000
     0.000000000    0.000000000    0.000000000    0.000000000    0.000000000
     0.000000000    0.000000000    0.000000000    0.000000000    0.000000000
     0.000000000   -0.023797646   -0.179518785    0.273920939    0.000000000
    -0.247629434    0.118488581    0.000000000    0.148025123   -0.014050690
    -0.000796556    0.000000000   -0.349634675    0.892178379    0.000000000
     0.000000000    0.000000000    0.000000000    0.000000000    0.000000000
     0.000000000    0.000000000    0.000000000    0.000000000    0.000000000
     0.000000000    0.000000000    0.000000000    0.000000000
     0.000000000    0.000000000    0.000000000    0.000000000    0.000000000
     0.000000000    0.000000000    0.000000000    0.000000000    0.000000000
     0.000000000    0.000000000    0.000000000    0.000000000    0.000000000
     0.000000000    0.000000000    0.000000000    0.000000000    0.000000000
     0.000000000    0.000000000    0.000000000    0.000000000    0.000000000
     0.000000000    0.000000000    0.000000000    0.000000000    0.000000000
     0.000000000   -0.102707123    0.131704110   -0.072968179    0.000000000
    -0.006017085   -0.019228015    0.000000000    0.015477172    0.039688888
     0.997121352    0.000000000    0.004642395    0.003104238    0.000000000
     0.000000000    0.000000000    0.000000000    0.000000000    0.000000000
     0.000000000    0.000000000    0.000000000    0.000000000    0.000000000
     0.000000000    0.000000000    0.000000000    0.000000000
     0.000000000    0.000000000    0.000000000    0.000000000    0.000000000
     0.000000000    0.000000000    0.000000000    0.000000000    0.000000000
     0.000000000    0.000000000    0.000000000    0.000000000    0.000000000
     0.000000000    0.000000000    0.000000000    0.000000000    0.000000000
     0.000000000    0.000000000    0.000000000    0.000000000    0.000000000
     0.000000000    0.000000000    0.000000000    0.000000000    0.000000000
     0.000000000    0.000000000    0.000000000    0.000000000    0.000000000
     0.000000000    0.000000000    0.000000000    0.000000000    0.000000000
     0.000000000    0.000000000    0.000000000    0.000000000    0.000000000
    -1.211343538    1.706550598   -1.027046035    0.000000000    0.042270882
    -0.259772474    0.000000000   -0.228107508    0.634052660   -0.074680925
     0.000000000   -0.065021845    0.048096638    0.000000000
     0.000000000    0.000000000    0.000000000    0.000000000    0.000000000
     0.000000000    0.000000000    0.000000000    0.000000000    0.000000000
     0.000000000    0.000000000    0.000000000    0.000000000    0.000000000
     0.000000000    0.000000000    0.000000000    0.000000000    0.000000000
     0.000000000    0.000000000    0.000000000    0.000000000    0.000000000
     0.000000000    0.000000000    0.000000000    0.000000000    0.000000000
     0.000000000    0.000000000    0.000000000    0.000000000    0.000000000
     0.000000000    0.000000000    0.000000000    0.000000000    0.000000000
     0.000000000    0.000000000    0.000000000    0.000000000    0.000000000
     0.000000000    0.000000000    0.000000000   -0.254864644    0.000000000
     0.000000000    1.134856097    0.000000000    0.000000000    0.000000000
    -0.026665859    0.000000000    0.000000000   -0.046357766
     0.000000000    0.000000000    0.000000000    0.000000000    0.000000000
     0.000000000    0.000000000    0.000000000    0.000000000    0.000000000
     0.000000000    0.000000000    0.000000000    0.000000000    0.000000000
     0.000000000    0.000000000    0.000000000    0.000000000    0.000000000
     0.000000000    0.000000000    0.000000000    0.000000000    0.000000000
     0.000000000    0.000000000    0.000000000    0.000000000    0.000000000
     0.000000000    0.000000000    0.000000000    0.000000000    0.000000000
     0.000000000    0.000000000    0.000000000    0.000000000    0.000000000
     0.000000000    0.000000000    0.000000000    0.000000000    0.000000000
    -0.849636428    0.797244191   -0.170947655    0.000000000    0.063634723
    -0.005250440    0.000000000    0.065418748   -0.798109966   -0.011509843
     0.000000000   -0.133718635    0.054197573    0.000000000
     0.000000000    0.000000000    0.000000000    0.000000000    0.000000000
     0.000000000    0.000000000    0.000000000    0.000000000    0.000000000
     0.000000000    0.000000000    0.000000000    0.000000000    0.000000000
     0.000000000    0.000000000    0.000000000    0.000000000    0.000000000
     0.000000000    0.000000000    0.000000000    0.000000000    0.000000000
     0.000000000    0.000000000    0.000000000    0.000000000    0.000000000
     0.000000000    0.000000000    0.000000000    0.000000000    0.000000000
     0.000000000    0.000000000    0.000000000    0.000000000    0.000000000
     0.000000000    0.000000000    0.000000000    0.000000000    0.000000000
    -0.285849685   -0.098797259    0.423885049    0.000000000    0.507336889
     0.206815984    0.000000000   -0.308526079   -0.053419110   -0.004181498
     0.000000000    0.674287666   -0.445736401    0.000000000
     0.000000000    0.000000000    0.000000000    0.000000000    0.000000000
     0.000000000    0.000000000    0.000000000    0.000000000    0.000000000
     0.000000000    0.000000000    0.000000000    0.000000000    0.000000000
     0.000000000    0.000000000    0.000000000    0.000000000    0.000000000
     0.000000000    0.000000000    0.000000000    0.000000000    0.000000000
     0.000000000    0.000000000    0.000000000    0.000000000    0.000000000
     0.000000000    0.000000000    0.000000000    0.000000000    0.000000000
     0.000000000    0.000000000    0.000000000    0.000000000    0.000000000
     0.000000000    0.000000000    0.000000000    0.000000000    0.000000000
     0.000000000    0.000000000    0.000000000    1.242140648    0.000000000
     0.000000000   -0.562550647    0.000000000    0.000000000    0.000000000
     0.000000000    0.000000000    0.000000000    0.000000000
     0.000000000    0.000000000    0.000000000    0.000000000    0.000000000
     0.000000000    0.000000000    0.000000000    0.000000000    0.000000000
     0.000000000    0.000000000    0.000000000    0.000000000    0.000000000
     0.000000000    0.000000000    0.000000000    0.000000000    0.000000000
     0.000000000    0.000000000    0.000000000    0.000000000    0.000000000
     0.000000000    0.000000000    0.000000000    0.000000000    0.000000000
     0.000000000    0.000000000    0.000000000    0.000000000    0.000000000
     0.000000000    0.000000000    0.000000000    0.000000000    0.000000000
     0.000000000    0.000000000    0.000000000    0.000000000    0.000000000
     0.091613567   -0.408785982    0.482746813    0.000000000   -0.250102182
     0.042089798    0.000000000   -0.777753142   -0.147570970    0.001516679
     0.000000000    0.002020421   -0.001455379    0.000000000
     0.000000000    0.000000000    0.000000000    0.000000000    0.000000000
     0.000000000    0.000000000    0.000000000    0.000000000    0.000000000
     0.000000000    0.000000000    0.000000000    0.000000000    0.000000000
     0.000000000    0.000000000    0.000000000    0.000000000    0.000000000
     0.000000000    0.000000000    0.000000000    0.000000000    0.000000000
     0.000000000    0.000000000    0.000000000    0.000000000    0.000000000
     0.000000000    0.000000000    0.000000000    0.000000000    0.000000000
     0.000000000    0.000000000    0.000000000    0.000000000    0.000000000
     0.000000000    0.000000000    0.000000000    0.000000000    0.000000000
    -0.009847850   -0.531565108    0.739729565    0.000000000    0.661953854
     0.316138862    0.000000000   -0.406338573    0.035603857   -0.002043604
     0.000000000   -0.633123421    0.001421411    0.000000000
     0.000000000    0.000000000    0.000000000    0.000000000    0.000000000
     0.000000000    0.000000000    0.000000000    0.000000000    0.000000000
     0.000000000    0.000000000    0.000000000    0.000000000    0.000000000
     0.000000000    0.000000000    0.000000000    0.000000000    0.000000000
     0.000000000    0.000000000    0.000000000    0.000000000    0.000000000
     0.000000000    0.000000000    0.000000000    0.000000000    0.000000000
     0.000000000    0.000000000    0.000000000    0.000000000    0.000000000
     0.000000000    0.000000000    0.000000000    0.000000000    0.000000000
     0.000000000    0.000000000    0.000000000    0.000000000    0.000000000
    -0.247441556   -0.446961983    0.918477598    0.000000000   -0.820322628
    -0.079123817    0.000000000    0.787594428    0.280625683   -0.002611234
     0.000000000   -0.002715749    0.001914150    0.000000000
     0.000000000    0.000000000    0.000000000    0.000000000    0.000000000
     0.000000000    0.000000000    0.000000000    0.000000000    0.000000000
     0.000000000    0.000000000    0.000000000    0.000000000    0.000000000
     0.000000000    0.000000000    0.000000000    0.000000000    0.000000000
     0.000000000    0.000000000    0.000000000    0.000000000    0.000000000
     0.000000000    0.000000000    0.000000000    0.000000000    0.000000000
     0.000000000    0.000000000    0.000000000    0.000000000    0.000000000
     0.000000000    0.000000000    0.000000000    0.000000000    0.000000000
     0.000000000    0.000000000    0.000000000    0.000000000    0.000000000
    -0.241769635    0.521310993   -0.483479540    0.000000000   -0.330341304
     1.172372815    0.000000000    0.209770538   -0.679865405    0.000823233
     0.000000000    0.000836044   -0.000574521    0.000000000
     0.000000000    0.000000000    0.000000000    0.000000000    0.000000000
     0.000000000    0.000000000    0.000000000    0.000000000    0.000000000
     0.000000000    0.000000000    0.000000000    0.000000000    0.000000000
     0.000000000    0.000000000    0.000000000    0.000000000    0.000000000
     0.000000000    0.000000000    0.000000000    0.000000000    0.000000000
     0.000000000    0.000000000    0.000000000    0.000000000    0.000000000
     0.000000000    0.000000000    0.000000000    0.000000000    0.000000000
     0.000000000    0.000000000    0.000000000    0.000000000    0.000000000
     0.000000000    0.000000000    0.000000000    0.000000000    0.000000000
     0.000000000    0.000000000    0.000000000   -0.011836097    0.000000000
     0.000000000    0.052703531    0.000000000    0.000000000    0.000000000
     0.000000000    0.000000000    0.000000000    0.998924135
     0.000000000    0.000000000    0.000000000    0.000000000    0.000000000
     0.000000000    0.000000000    0.000000000    0.000000000    0.000000000
     0.000000000    0.000000000    0.000000000    0.000000000    0.000000000
     0.000000000    0.000000000    0.000000000    0.000000000    0.000000000
     0.000000000    0.000000000    0.000000000    0.000000000    0.000000000
     0.000000000    0.000000000    0.000000000    0.000000000    0.000000000
     0.000000000    0.000000000    0.000000000    0.000000000    0.000000000
     0.000000000    0.000000000    0.000000000    0.000000000    0.000000000
     0.000000000    0.000000000    0.000000000    0.000000000    0.000000000
     0.000000000    0.000000000    0.000000000   -0.006798602    0.000000000
     0.000000000    0.030272677    0.000000000    0.000000000    0.000000000
     0.999644403    0.000000000    0.000000000   -0.001236609
     0.000000000    0.000000000    0.000000000    0.000000000    0.000000000
     0.000000000    0.000000000    0.000000000    0.000000000    0.000000000
     0.000000000    0.000000000    0.000000000    0.000000000    0.000000000
     0.000000000    0.000000000    0.000000000    0.000000000    0.000000000
     0.000000000    0.000000000    0.000000000    0.000000000    0.000000000
     0.000000000    0.000000000    0.000000000    0.000000000    0.000000000
     0.000000000    0.000000000    0.000000000    0.000000000    0.000000000
     0.000000000    0.000000000    0.000000000    0.000000000    0.000000000
     0.000000000    0.000000000    0.000000000    0.000000000    0.000000000
    -0.023797646   -0.179518784    0.273920937    0.000000000    0.247629436
     0.118488582    0.000000000   -0.148025125   -0.014050691   -0.000796556
     0.000000000    0.349634676    0.892178378    0.000000000
     0.000000000    0.000000000    0.000000000    0.000000000    0.000000000
     0.000000000    0.000000000    0.000000000    0.000000000    0.000000000
     0.000000000    0.000000000    0.000000000    0.000000000    0.000000000
     0.000000000    0.000000000    0.000000000    0.000000000    0.000000000
     0.000000000    0.000000000    0.000000000    0.000000000    0.000000000
     0.000000000    0.000000000    0.000000000    0.000000000    0.000000000
     0.000000000    0.000000000    0.000000000    0.000000000    0.000000000
     0.000000000    0.000000000    0.000000000    0.000000000    0.000000000
     0.000000000    0.000000000    0.000000000    0.000000000    0.000000000
    -0.102707123    0.131704110   -0.072968179    0.000000000    0.006017085
    -0.019228015    0.000000000   -0.015477172    0.039688888    0.997121352
     0.000000000   -0.004642395    0.003104238    0.000000000
