 $GENNBO  NATOMS=3  NBAS=24  UPPER  BODM  FORMAT=PRECISE  $END
 $NBO  $END
 $COORD
 Water DF-BP86/def2-SVP
     8    8       0.000000       0.000000       0.000000
     1    1       0.000000       0.000000       0.950000
     1    1       0.895670       0.000000      -0.316663
 $END
 $BASIS
  CENTER =    1    1    1    1    1    1    1    1    1    1    1    1    1
              1    2    2    2    2    2    3    3    3    3    3
   LABEL =    1    1    1  101  102  103  101  102  103  255  252  253  254
            251    1    1  101  102  103    1    1  101  102  103
 $END
 $CONTRACT
  NSHELL =   12
    NEXP =   22
   NCOMP =    1    1    1    3    3    5    1    1    3    1    1    3
   NPRIM =    5    1    1    3    1    1    3    1    1    3    1    1
    NPTR =    1    6    7    8   11   12   13   16   17   18   21   22
     EXP =  0.226617678000E+04  0.340870102000E+03  0.773631352000E+02
            0.214796449000E+02  0.665894331000E+01  0.809759757000E+00
            0.255307722000E+00  0.177215043000E+02  0.386355054000E+01
            0.104809209000E+01  0.276415444000E+00  0.120000000000E+01
            0.130107010000E+02  0.196225720000E+01  0.444537960000E+00
            0.121949620000E+00  0.800000000000E+00  0.130107010000E+02
            0.196225720000E+01  0.444537960000E+00  0.121949620000E+00
            0.800000000000E+00
      CS = -0.538935039000E-02 -0.402347214000E-01 -0.180081842000E+00
           -0.468288577000E+00 -0.446926172000E+00  0.100000000000E+01
            0.100000000000E+01  0.000000000000E+00  0.000000000000E+00
            0.000000000000E+00  0.000000000000E+00  0.000000000000E+00
            0.334854848000E-01  0.234721871000E+00  0.813770285000E+00
            0.100000000000E+01  0.000000000000E+00  0.334854848000E-01
            0.234721871000E+00  0.813770285000E+00  0.100000000000E+01
            0.000000000000E+00
      CP =  0.000000000000E+00  0.000000000000E+00  0.000000000000E+00
            0.000000000000E+00  0.000000000000E+00  0.000000000000E+00
            0.000000000000E+00  0.626302488000E-01  0.333311385000E+00
            0.741486383000E+00  0.100000000000E+01  0.000000000000E+00
            0.000000000000E+00  0.000000000000E+00  0.000000000000E+00
            0.000000000000E+00  0.100000000000E+01  0.000000000000E+00
            0.000000000000E+00  0.000000000000E+00  0.000000000000E+00
            0.100000000000E+01
      CD =  0.000000000000E+00  0.000000000000E+00  0.000000000000E+00
            0.000000000000E+00  0.000000000000E+00  0.000000000000E+00
            0.000000000000E+00  0.000000000000E+00  0.000000000000E+00
            0.000000000000E+00  0.000000000000E+00  0.100000000000E+01
            0.000000000000E+00  0.000000000000E+00  0.000000000000E+00
            0.000000000000E+00  0.000000000000E+00  0.000000000000E+00
            0.000000000000E+00  0.000000000000E+00  0.000000000000E+00
            0.000000000000E+00
 $END
 $OVERLAP
  0.100000000000E+01 -0.344016553803E+00  0.100000000000E+01 -0.157870042005E+00
  0.788940794125E+00  0.100000000000E+01  0.000000000000E+00  0.000000000000E+00
  0.000000000000E+00  0.100000000000E+01  0.000000000000E+00  0.000000000000E+00
  0.000000000000E+00  0.000000000000E+00  0.100000000000E+01  0.000000000000E+00
  0.000000000000E+00  0.000000000000E+00  0.000000000000E+00  0.000000000000E+00
  0.100000000000E+01  0.000000000000E+00  0.000000000000E+00  0.000000000000E+00
  0.502140892823E+00  0.000000000000E+00  0.000000000000E+00  0.100000000000E+01
  0.000000000000E+00  0.000000000000E+00  0.000000000000E+00  0.000000000000E+00
  0.502140892823E+00  0.000000000000E+00  0.000000000000E+00  0.100000000000E+01
  0.000000000000E+00  0.000000000000E+00  0.000000000000E+00  0.000000000000E+00
  0.000000000000E+00  0.502140892823E+00  0.000000000000E+00  0.000000000000E+00
  0.100000000000E+01  0.000000000000E+00  0.000000000000E+00  0.000000000000E+00
  0.000000000000E+00  0.000000000000E+00  0.000000000000E+00  0.000000000000E+00
  0.000000000000E+00  0.000000000000E+00  0.100000000000E+01  0.000000000000E+00
  0.000000000000E+00  0.000000000000E+00  0.000000000000E+00  0.000000000000E+00
  0.000000000000E+00  0.000000000000E+00  0.000000000000E+00  0.000000000000E+00
  0.000000000000E+00  0.100000000000E+01  0.000000000000E+00  0.000000000000E+00
  0.000000000000E+00  0.000000000000E+00  0.000000000000E+00  0.000000000000E+00
  0.000000000000E+00  0.000000000000E+00  0.000000000000E+00  0.000000000000E+00
  0.000000000000E+00  0.100000000000E+01  0.000000000000E+00  0.000000000000E+00
  0.000000000000E+00  0.000000000000E+00  0.000000000000E+00  0.000000000000E+00
  0.000000000000E+00  0.000000000000E+00  0.000000000000E+00  0.000000000000E+00
  0.000000000000E+00  0.000000000000E+00  0.100000000000E+01  0.000000000000E+00
  0.000000000000E+00  0.000000000000E+00  0.000000000000E+00  0.000000000000E+00
  0.000000000000E+00  0.000000000000E+00  0.000000000000E+00  0.000000000000E+00
  0.000000000000E+00  0.000000000000E+00  0.000000000000E+00  0.000000000000E+00
  0.100000000000E+01 -0.490069503389E-01  0.334979729177E+00  0.515766663758E+00
  0.000000000000E+00  0.000000000000E+00  0.284937601452E+00  0.000000000000E+00
  0.000000000000E+00  0.623286172907E+00  0.229329850370E+00  0.000000000000E+00
  0.000000000000E+00  0.000000000000E+00  0.000000000000E+00  0.100000000000E+01
 -0.629289218837E-01  0.393710953625E+00  0.693437602259E+00  0.000000000000E+00
  0.000000000000E+00  0.105669705962E+00  0.000000000000E+00  0.000000000000E+00
  0.389336484190E+00  0.234237326521E-01  0.000000000000E+00  0.000000000000E+00
  0.000000000000E+00  0.000000000000E+00  0.684799824745E+00  0.100000000000E+01
  0.000000000000E+00  0.000000000000E+00  0.000000000000E+00  0.187952013241E+00
  0.000000000000E+00  0.000000000000E+00  0.368042800451E+00  0.000000000000E+00
  0.000000000000E+00  0.000000000000E+00  0.318269445745E+00  0.000000000000E+00
  0.000000000000E+00  0.000000000000E+00  0.000000000000E+00  0.000000000000E+00
  0.100000000000E+01  0.000000000000E+00  0.000000000000E+00  0.000000000000E+00
  0.000000000000E+00  0.187952013241E+00  0.000000000000E+00  0.000000000000E+00
  0.368042800451E+00  0.000000000000E+00  0.000000000000E+00  0.000000000000E+00
  0.318269445745E+00  0.000000000000E+00  0.000000000000E+00  0.000000000000E+00
  0.000000000000E+00  0.000000000000E+00  0.100000000000E+01  0.941709543743E-01
 -0.441584207371E+00 -0.330048028039E+00  0.000000000000E+00  0.000000000000E+00
 -0.389015233474E+00  0.000000000000E+00  0.000000000000E+00 -0.119312441970E+00
 -0.201020323754E+00  0.000000000000E+00  0.000000000000E+00  0.000000000000E+00
  0.000000000000E+00  0.000000000000E+00  0.000000000000E+00  0.000000000000E+00
  0.000000000000E+00  0.100000000000E+01 -0.490069345478E-01  0.334979651953E+00
  0.515766599856E+00  0.268642093760E+00  0.000000000000E+00 -0.949780737731E-01
  0.587640686625E+00  0.000000000000E+00 -0.207759624358E+00 -0.764441687263E-01
 -0.124830068131E+00  0.000000000000E+00  0.176538697484E+00  0.000000000000E+00
  0.109931988620E+00  0.295603271475E+00  0.741807991099E-01  0.000000000000E+00
 -0.104907023282E+00  0.100000000000E+01 -0.629289163565E-01  0.393710923156E+00
  0.693437560472E+00  0.996265030835E-01  0.000000000000E+00 -0.352228246407E-01
  0.367070512893E+00  0.000000000000E+00 -0.129777317343E+00 -0.780800331321E-02
 -0.127501364956E-01  0.000000000000E+00  0.180316531376E-01  0.000000000000E+00
  0.295603271475E+00  0.592124617498E+00  0.899634091923E-01  0.000000000000E+00
 -0.127226904750E+00  0.684799824745E+00  0.100000000000E+01  0.887853194473E-01
 -0.416330116630E+00 -0.311172711050E+00 -0.324909260553E+00  0.000000000000E+00
  0.181321434063E+00 -0.651632141248E-01  0.000000000000E+00  0.153159421117E+00
  0.542874814852E-02  0.185676682908E+00  0.000000000000E+00 -0.112556097979E+00
  0.000000000000E+00 -0.741807991099E-01 -0.899634091923E-01 -0.415162656591E-01
  0.000000000000E+00  0.104161518919E+00  0.000000000000E+00  0.000000000000E+00
  0.100000000000E+01  0.000000000000E+00  0.000000000000E+00  0.000000000000E+00
  0.000000000000E+00  0.187951947882E+00  0.000000000000E+00  0.000000000000E+00
  0.368042745244E+00  0.000000000000E+00  0.000000000000E+00  0.000000000000E+00
 -0.106088549658E+00  0.000000000000E+00  0.300067678485E+00  0.000000000000E+00
  0.000000000000E+00  0.000000000000E+00  0.321373799040E-01  0.000000000000E+00
  0.000000000000E+00  0.000000000000E+00  0.000000000000E+00  0.100000000000E+01
 -0.313899378255E-01  0.147192988179E+00  0.110014719929E+00  0.181321434063E+00
  0.000000000000E+00  0.123845983325E+00  0.153159421117E+00  0.000000000000E+00
  0.313893424882E+00 -0.185670085177E+00  0.196914448121E+00  0.000000000000E+00
  0.145882616283E+00  0.000000000000E+00  0.104907023282E+00  0.127226904750E+00
  0.104161518919E+00  0.000000000000E+00 -0.115168594437E+00  0.000000000000E+00
  0.000000000000E+00  0.000000000000E+00  0.000000000000E+00  0.100000000000E+01
 $END
 $DENSITY
  0.213087704020E+01  0.269344948048E+00  0.697057974533E+00  0.245996477073E+00
  0.430738147212E+00  0.384361784917E+00 -0.471847293061E-01 -0.821477765460E-01
 -0.270948231321E+00  0.598779425700E+00  0.565203353457E-15  0.702884669121E-15
  0.957735146683E-15 -0.222746157885E-14  0.804879184904E+00 -0.333648082351E-01
 -0.580875444067E-01 -0.191590258828E+00  0.628407199860E-01  0.252331808581E-14
  0.554344974091E+00 -0.627886025396E-01 -0.123403468701E+00 -0.208434843018E+00
  0.329178642447E+00  0.945024079278E-15  0.982250419390E-01  0.196098666337E+00
  0.457673794532E-15  0.311353960485E-15  0.476788766720E-15 -0.467147952022E-15
  0.625274173969E+00  0.742707810615E-15  0.129083073174E-14  0.485747177919E+00
 -0.443984595328E-01 -0.872598506157E-01 -0.147386381984E+00  0.982250552578E-01
 -0.119426278974E-15  0.259723964084E+00  0.884607931352E-01 -0.486769628899E-15
  0.133548262656E+00  0.237493151923E-03  0.425781315783E-02  0.175327249646E-02
 -0.931303875400E-02 -0.123338248773E-15  0.154584614462E-01 -0.368021342100E-02
 -0.157255614760E-15  0.562312525343E-02  0.668177461009E-03 -0.248833743440E-02
 -0.802843919148E-02 -0.113822884785E-01  0.899834602239E-02 -0.326047734983E-16
  0.153620538919E-01  0.720421240282E-02 -0.403427445087E-16  0.845215080290E-02
  0.255967509494E-03  0.559553463658E-03  0.290780184429E-14 -0.164888300462E-16
 -0.381451751056E-16  0.530420959910E-16  0.142592188187E-01  0.487023529034E-15
  0.107035190828E-15  0.110773410911E-01  0.202371971001E-15  0.756275331744E-17
  0.135524727192E-16  0.252615951726E-03 -0.134815515811E-02  0.169783696745E-02
 -0.501164004860E-02  0.172300493369E-01 -0.265485483257E-15 -0.543454215144E-03
  0.879382093304E-02 -0.165224091614E-15  0.146923835115E-02 -0.312273946840E-03
  0.165167619040E-03 -0.605036782015E-17  0.528880710723E-03 -0.194437102495E-14
 -0.237961409875E-15 -0.270827889301E-15  0.299903871004E-15  0.201655095407E-01
 -0.872380322418E-16  0.226556334772E-15  0.156656707705E-01 -0.953056924807E-17
 -0.144881403224E-16  0.412599346721E-18  0.357251645369E-03  0.457550948864E-17
  0.505228340677E-03  0.796117505142E-01  0.146784374055E+00 -0.288798557667E-01
  0.164108541952E-01 -0.679013925314E-15  0.427433753371E+00  0.384743373020E-01
 -0.159079855565E-14  0.182368488720E+00  0.137263065611E-01  0.995734515546E-02
  0.378183229521E-15 -0.320806658078E-03 -0.243481447453E-15  0.383387895347E+00
 -0.108419525761E-01 -0.114322467599E-01 -0.376212859308E-01  0.268895968263E-02
 -0.993212748870E-15  0.121831548744E+00  0.156304992155E-01 -0.106573677657E-14
  0.558033065749E-01  0.360769303428E-02  0.323822826154E-02  0.726336487309E-16
 -0.441620443862E-03 -0.610009628251E-16  0.944516817368E-01  0.269937838013E-01
 -0.154946435135E-02 -0.288269504920E-02 -0.152967144551E-01  0.330777499328E-01
 -0.659518934109E-16  0.858958305129E-02  0.185526951456E-01  0.539506490990E-17
  0.759630341369E-02 -0.347361872803E-03  0.615006036896E-03  0.879472091179E-17
  0.941409645108E-03  0.150776560757E-16  0.547501897548E-02  0.128293570162E-02
  0.188181466649E-02  0.136173884702E-14  0.266104266077E-15  0.243228575596E-15
 -0.213276699579E-15  0.399245435595E-01  0.176471010170E-15 -0.297028618150E-16
  0.310155691233E-01 -0.138085234586E-16 -0.202486024200E-17 -0.266818355705E-17
  0.707302180909E-03 -0.161064933052E-16  0.100027281008E-02  0.923024596774E-16
 -0.386117915248E-16 -0.736188544779E-17  0.198038315356E-02 -0.240044456495E-01
 -0.332127040744E-01 -0.117282544271E-01  0.117166154037E-02  0.317945272313E-15
 -0.305507503638E-01  0.923720155910E-03  0.334023802375E-15 -0.110557008039E-01
 -0.116547972281E-02 -0.507248158194E-03 -0.366345852381E-16 -0.277431627934E-04
  0.417580733208E-16 -0.338476507709E-01 -0.677186261755E-02 -0.336216993994E-03
 -0.687202260090E-17  0.367235083323E-02  0.796117171524E-01  0.146784332642E+00
 -0.288798302778E-01  0.408459195390E+00 -0.114580460669E-15 -0.127003879464E+00
  0.184763573904E+00  0.114282297764E-14 -0.245147469166E-01 -0.102424772472E-01
  0.172252268231E-03 -0.216412351996E-16  0.135175739173E-01  0.207747461209E-15
 -0.687539880706E-01 -0.359514004179E-01  0.215674572463E-01 -0.145158390850E-16
  0.271795698305E-03  0.383387823514E+00 -0.108419631771E-01 -0.114322669035E-01
 -0.376213022238E-01  0.115760397499E+00 -0.197496969769E-15 -0.380748284254E-01
  0.578220765354E-01  0.214364078989E-15 -0.386426136676E-02 -0.330518901286E-02
  0.416092313582E-03 -0.314675421465E-16  0.354953393692E-02  0.849962205913E-16
 -0.359513934896E-01 -0.106160099424E-01  0.592418838677E-02 -0.380243138985E-16
  0.306859014850E-02  0.944516897696E-01  0.269937942053E-01 -0.231481158168E-01
 -0.322741648776E-01 -0.161563670430E-01 -0.204134414539E-01 -0.239231220863E-16
  0.200833964718E-01 -0.508839885447E-02 -0.108177983053E-15  0.928199420221E-02
  0.775033482720E-03  0.539020157750E-03 -0.293342244200E-17 -0.861079242452E-03
  0.554329991415E-18  0.744531129724E-02  0.486780175466E-02 -0.102555592350E-02
 -0.127072330333E-16  0.518008310901E-03 -0.300869152602E-01 -0.595693878418E-02
  0.326208106256E-02 -0.102476090945E-14  0.263999355513E-16  0.842550864181E-16
 -0.446990809858E-15  0.399245534392E-01  0.283430914336E-15 -0.108612279770E-15
  0.310155767984E-01  0.319707437376E-16  0.538367974823E-17 -0.183487440407E-17
  0.707302355938E-03 -0.230685480677E-16  0.100027305760E-02  0.809969133189E-16
 -0.558099148140E-17 -0.204345051973E-16  0.198038364363E-02  0.123786046370E-16
 -0.321814543926E-15 -0.903614634923E-16  0.256553169448E-16  0.198038413369E-02
  0.654053983883E-02  0.835294487433E-02 -0.105125234934E-01  0.275013345047E-01
 -0.494419512061E-16  0.229404352837E-01  0.159545827128E-01 -0.333110167877E-16
  0.125853849483E-01  0.262388441038E-03  0.831133262423E-03  0.260498728757E-16
  0.780542315049E-03 -0.402037538710E-18  0.202434152339E-01  0.456252895309E-02
  0.175104966433E-02  0.237139107706E-17 -0.182777812075E-02  0.164443347367E-01
  0.346683145274E-02 -0.824210505094E-03 -0.138833485573E-16  0.229208153184E-02
 $END
 $FOCK
 -0.187441782634E+02  0.685640881713E+01 -0.310234475727E+01  0.320384430759E+01
 -0.192606698278E+01 -0.120460753661E+01  0.128975094067E-01 -0.821021693715E-01
 -0.777680117292E-01 -0.719844695752E-01  0.196097269172E-15 -0.690254087165E-15
 -0.574801186548E-15  0.174497475706E-14 -0.115827947072E-01  0.911997636973E-02
 -0.580552559329E-01 -0.549905326326E-01  0.214774225022E-01 -0.183916964538E-14
 -0.871711546884E-01  0.161640755365E-02 -0.649863664168E-01 -0.122544205662E+00
 -0.441902555496E+00  0.336104311175E-15  0.208894414515E-01 -0.360942910581E-01
  0.103693875873E-16 -0.420333894262E-15 -0.332826743210E-15  0.336104311175E-15
 -0.383463770075E+00 -0.204586059482E-16 -0.192336683598E-15  0.101195128253E+00
  0.114297868739E-02 -0.459525052500E-01 -0.866522275451E-01  0.208894414515E-01
 -0.204586059482E-16 -0.456673463444E+00  0.490438215791E-01  0.451111746950E-15
 -0.707730687207E-01  0.716451096855E-03 -0.456762025715E-01 -0.566806398115E-01
  0.463944493593E-01  0.752334150799E-15 -0.103106413522E+00  0.490612138668E-01
  0.318111175049E-15 -0.122692061879E+00  0.239290694622E+01 -0.559207164992E-03
  0.376071969868E-01  0.466468707444E-01 -0.601651913231E-02  0.192578872366E-15
 -0.597396263495E-01  0.118152629314E-01 -0.208866665360E-16 -0.558960919174E-01
 -0.280640686288E-02  0.243932940321E+01  0.380916826252E-15 -0.602141302642E-15
  0.189396095966E-15  0.192578872366E-15 -0.351735598256E-01 -0.185284273988E-15
 -0.208866665360E-16 -0.293090250471E-01 -0.330947075916E-15 -0.885008761259E-16
  0.877879061128E-15  0.250990739020E+01  0.845514084573E-03 -0.525214463761E-01
 -0.651897711008E-01 -0.903544357027E-01  0.413125507985E-15  0.145785203466E-01
 -0.994235376464E-01  0.589730094549E-15  0.205621439893E-01  0.469096466414E-01
  0.479249065768E-01  0.159141623220E-15  0.247981552866E+01 -0.275730692884E-15
  0.119493242465E-14  0.628528559057E-15 -0.107523973946E-14 -0.497427341262E-01
  0.192578872366E-15 -0.292201699007E-15 -0.414490693693E-01 -0.208866665360E-16
 -0.193918994270E-15  0.450478859722E-15  0.178253376716E-01 -0.448088304709E-15
  0.252251171766E+01  0.100618616361E+01 -0.815900901884E+00 -0.609221380012E+00
 -0.156235848214E-01 -0.199783138791E-15 -0.380742708717E+00 -0.189038689736E-01
 -0.855335644122E-16 -0.251907690261E+00 -0.765009797890E-01 -0.512502549589E-02
 -0.342760132474E-16 -0.108096713174E-01  0.249070682654E-15 -0.378665086874E+00
  0.128553766206E+01 -0.945297272556E+00 -0.665305377716E+00 -0.350018209143E-01
 -0.252888836911E-15 -0.168865447909E+00 -0.686473169793E-01 -0.974153548582E-16
 -0.138103811674E+00 -0.715722035261E-01  0.135712330079E-01  0.127117930076E-15
 -0.304280220081E-01  0.242836194415E-15 -0.479506138710E+00 -0.396941658578E+00
  0.445354223292E-03 -0.938661713552E-02 -0.137233084467E-01 -0.184482898038E+00
  0.169423229342E-15 -0.533937165743E-02 -0.171475137434E-01  0.197437306336E-16
 -0.109194407919E-01  0.231818823228E-02  0.198425976273E+00  0.208865561338E-15
 -0.100077781824E-01  0.103865717637E-15 -0.131970599324E-01 -0.129376750747E-01
  0.120251538699E+01  0.310610778057E-16 -0.647262859408E-16 -0.155676794670E-15
  0.169423229342E-15 -0.178009585615E+00 -0.757770171325E-16  0.197437306336E-16
 -0.833149712595E-02 -0.424212730869E-15 -0.409420749663E-16  0.208865561338E-15
  0.203787673239E+00  0.501212396235E-16 -0.650620623291E-02 -0.966072238936E-15
 -0.581832823674E-15  0.174258826067E-15  0.121027903885E+01 -0.192263821177E+01
  0.104163845808E+01  0.626901856727E+00  0.200595780797E-01  0.420372375160E-15
  0.142017886816E+00  0.149481268778E-01 -0.158715052765E-15  0.388193183368E-01
 -0.501957059626E+00  0.104144536314E-01  0.125902729642E-15  0.116288245042E-01
 -0.471800856195E-15  0.403180292710E+00  0.357743089333E+00  0.641476644006E-02
 -0.830547425894E-15  0.627576757773E+00  0.100618584111E+01 -0.815900700798E+00
 -0.609221258466E+00 -0.364175933163E+00 -0.138874591851E-16  0.112182658436E+00
 -0.243802399325E+00 -0.167034940288E-16  0.661454788011E-01  0.199689974183E-01
  0.342581486592E-01  0.512527345983E-16 -0.665066206539E-01  0.108642988625E-15
 -0.219264306500E+00 -0.326199692268E+00 -0.846632087264E-01  0.203641267149E-16
  0.263120515991E+00 -0.378664965106E+00  0.128553754935E+01 -0.945297198414E+00
 -0.665305329981E+00 -0.170875234444E+00 -0.224987399876E-15  0.232877444668E-01
 -0.153087876527E+00 -0.148276243302E-15 -0.186873415607E-01 -0.695308633227E-02
  0.399515220563E-01  0.200521456145E-15 -0.677358739106E-01  0.204190314691E-15
 -0.326199723706E+00 -0.371469799741E+00 -0.382560732009E-01 -0.119272427990E-15
  0.308100038190E+00 -0.479506070463E+00 -0.396941596934E+00 -0.181253413944E+01
  0.978938479974E+00  0.586475038927E+00  0.110366979630E+00 -0.703214995416E-16
 -0.841842279416E-01  0.338669623176E-01  0.252811651884E-15 -0.308797521554E-02
  0.122019385530E+00  0.318659257295E+00 -0.216633025399E-16 -0.335605160133E+00
  0.111912709884E-15  0.219852023910E+00  0.277727998109E+00  0.437758943339E-01
 -0.117270613312E-16 -0.340373080593E+00  0.375723445881E+00  0.332971297505E+00
  0.695489529750E+00 -0.241905220128E-16 -0.107907926888E-16  0.954875510340E-16
  0.836425105179E-16 -0.178009568737E+00 -0.305197965176E-16  0.404806283855E-15
 -0.833151365789E-02  0.470293508208E-16  0.232402488410E-16 -0.748301164619E-17
 -0.740624628000E-01  0.379182593695E-15  0.189964274844E+00  0.243259953408E-16
  0.111221894684E-15  0.318044851640E-16 -0.593449672647E-01 -0.175624612819E-16
  0.681431856589E-15  0.372355870057E-15 -0.894173793132E-16  0.121027903608E+01
  0.641291530158E+00 -0.356058461589E+00 -0.221903262698E+00 -0.109583168677E+00
  0.239139852519E-16 -0.152831899026E+00 -0.289555565198E-01  0.100766861449E-15
 -0.121951836033E-01 -0.166690638468E+00  0.463580297357E-01 -0.558759278968E-16
  0.180789612670E+00  0.512510648012E-16 -0.167527153314E+00 -0.138767009538E+00
 -0.101719904196E+00  0.440001670055E-16  0.200077284847E+00 -0.146834158419E+00
 -0.131444049884E+00  0.185673192371E+00  0.535165987556E-15  0.113460305181E+01
 $END
 $LCAOMO
  0.988614933487E+00 -0.405833570856E-01  0.141815889858E-01 -0.255979013100E-02
  0.148342062992E-15 -0.181005558269E-02 -0.114648522770E-03  0.183229184502E-15
 -0.810695708942E-04 -0.944279546230E-03  0.780684167832E-03  0.144594523361E-14
 -0.108351856350E-02 -0.902848836842E-15  0.296797295889E-02 -0.247509231811E-02
 -0.289801809335E-04  0.610475933497E-15 -0.361464503424E-02  0.296796982074E-02
 -0.247509163466E-02 -0.341758279118E-02 -0.512314570589E-15  0.117754408760E-02
  0.275757661393E+00  0.547744489319E+00  0.252818903902E+00  0.103207883948E+00
  0.559413739163E-15  0.729793256599E-01  0.337716108041E-02  0.350553293739E-15
  0.238800772362E-02  0.393148436633E-02 -0.135072818527E-02  0.195197389350E-15
  0.585441344653E-02 -0.196678949589E-15  0.208382899907E+00  0.140336091449E-01
  0.806374608607E-02  0.245759713371E-15 -0.335267305851E-01  0.208382832783E+00
  0.140335977118E-01 -0.289214588967E-01 -0.758318723699E-16  0.187780354062E-01
 -0.235496751050E-07 -0.556896080874E-07 -0.971490068569E-07 -0.291522573148E+00
  0.307578370501E-14  0.412273475783E+00 -0.108778947823E+00  0.682798339554E-15
  0.153836020884E+00  0.178229111411E-01  0.727608467834E-02  0.359230888493E-15
 -0.102900592980E-01 -0.247952265699E-15  0.336207502132E+00  0.969662372963E-01
 -0.119661484951E-01  0.252816131389E-15 -0.253708250274E-01 -0.336207434869E+00
 -0.969662224564E-01  0.279085344443E-01  0.472913306707E-15  0.282495474555E-02
 -0.109712103112E+00 -0.216466978578E+00 -0.357858040041E+00  0.451382191010E+00
 -0.561844531263E-14  0.319176769105E+00  0.293606974232E+00 -0.404800861004E-14
  0.207612381262E+00  0.290406229447E-03  0.149800330167E-01  0.165565282157E-15
  0.110953533394E-01  0.863850283344E-16  0.187686497508E+00  0.623808661181E-01
  0.270683169526E-01 -0.374234610707E-15 -0.744240092959E-02  0.187686596891E+00
  0.623809334801E-01  0.200588623958E-02 -0.423809249333E-15  0.280010566374E-01
 -0.100054263596E-14 -0.183668876918E-14 -0.264079684580E-14  0.356511088587E-14
  0.634381267419E+00  0.275278477783E-14  0.386965250379E-14  0.492822066226E+00
  0.996649048055E-15 -0.184299519122E-15  0.727043133527E-16  0.112386821230E-01
 -0.659988228574E-16  0.158938406415E-01 -0.687464702844E-15 -0.712274335451E-15
  0.238664873566E-15  0.314673096528E-01  0.338100464778E-15  0.301759462924E-14
  0.855162512016E-15 -0.110101267517E-15  0.314673174396E-01  0.178493778950E-15
  0.112892814878E+00  0.207438854050E+00  0.934786746644E+00  0.203919912435E+00
 -0.274000837871E-15  0.144193758198E+00  0.253306426724E+00  0.104983989999E-15
  0.179115473747E+00  0.395265988044E-03  0.645605740301E-02  0.245076112153E-15
  0.524966210219E-02 -0.232017234845E-15 -0.143391965998E+00 -0.804006524116E+00
  0.549036161707E-02 -0.511207886576E-15 -0.130771761364E-01 -0.143392077877E+00
 -0.804006261935E+00 -0.104992135133E-01  0.219115177920E-15  0.953537323906E-02
  0.314902264547E-08  0.221693097607E-07 -0.873878439992E-07  0.225822099301E+00
 -0.409297399114E-15 -0.319359197931E+00  0.341732362721E+00  0.230807460277E-14
 -0.483280330454E+00 -0.375889690858E-02 -0.153454467005E-02 -0.773602910494E-16
  0.217019777831E-02 -0.112086240439E-16  0.129286644893E+00  0.124947419391E+01
  0.537612072364E-02  0.344509186550E-15  0.145883988196E-01 -0.129286811567E+00
 -0.124947406054E+01 -0.155461178018E-01  0.213373028345E-15 -0.205902845506E-03
 -0.847550830948E-07 -0.336636014205E-06  0.477841213174E-06 -0.178708183682E+00
  0.318332643912E-14  0.252729871375E+00 -0.211608272861E+00 -0.278932740463E-14
  0.299258011707E+00 -0.855666670670E-01 -0.349320437641E-01 -0.559071930119E-16
  0.494020152537E-01 -0.815211574819E-15 -0.961725845192E+00  0.856616377289E+00
 -0.745167942441E-01 -0.107711463887E-14 -0.107646039433E+00  0.961727517904E+00
 -0.856617815840E+00  0.126328642314E+00 -0.318001254627E-15  0.343733533727E-01
 -0.960321855268E-01 -0.326929990916E+00  0.310906692568E+00 -0.274872305074E+00
 -0.155034255154E-14 -0.194365331305E+00 -0.333704438024E-01  0.204890616457E-14
 -0.235971779884E-01  0.564713070274E-01 -0.561053755310E-01  0.421153049317E-15
  0.581389741818E-01  0.439236402003E-15  0.873473480344E+00 -0.638877206830E+00
 -0.995210653202E-01  0.569547133566E-15  0.173533660294E+00  0.873471543350E+00
 -0.638875811592E+00  0.130435763320E+00 -0.738162069614E-15 -0.151673401697E+00
  0.114292629560E+00  0.455128873230E+00  0.124535139010E+00 -0.662710247690E+00
  0.153911860126E-13 -0.468609009501E+00  0.964790395860E+00 -0.159106000156E-13
  0.682213053913E+00 -0.611467349944E-02  0.110081625876E-01  0.873813167102E-15
 -0.280709653889E-02 -0.562252470458E-15 -0.392190640651E+00 -0.497929747266E-01
  0.890602052308E-01  0.398595426815E-15  0.115885604563E+00 -0.392190538089E+00
 -0.497927648813E-01  0.138944512635E+00 -0.139467131348E-14  0.453388374515E-01
  0.197746512330E-14  0.755604142338E-14  0.232053392270E-14 -0.506950016334E-14
 -0.966611136543E+00 -0.137387511973E-13  0.101923327875E-14  0.102196696070E+01
  0.315584552453E-13 -0.510627371490E-15  0.330820950802E-15 -0.189402643421E-02
 -0.201508346721E-15 -0.267853575853E-02 -0.160027403419E-13 -0.886747568171E-14
  0.222877121318E-15  0.164455081797E-01  0.379578532491E-14 -0.103151554403E-14
  0.102964860886E-13  0.567750729261E-15  0.164455995336E-01  0.281648196255E-14
 -0.172705687536E-07 -0.584961208452E-07  0.201204675230E-06  0.432146997676E+00
  0.144064053221E-13 -0.611145298639E+00 -0.103282002650E+01 -0.132762195326E-13
  0.146062156537E+01  0.132568190315E-01  0.541198732037E-02  0.370031573721E-15
 -0.765381526073E-02  0.587659427320E-15 -0.384786100065E+00 -0.838572110292E+00
 -0.660036665589E-01  0.522695307844E-15  0.247029112182E+00  0.384786073322E+00
  0.838572012321E+00 -0.210900662266E+00  0.127757977011E-15  0.144571015127E+00
 -0.263008831618E+00 -0.162454021915E+01  0.289073578889E+01 -0.426226998450E-01
  0.501374756143E-16 -0.301388614304E-01  0.437399236911E+00 -0.100812607280E-14
  0.309289361856E+00 -0.214995442583E-01  0.478963687769E-01 -0.251933130105E-15
 -0.337092021940E-02  0.798580455624E-15 -0.462525246683E+00 -0.576899268662E+00
  0.216313156920E+00 -0.580777588417E-15  0.169099109987E+00 -0.462525218398E+00
 -0.576899091042E+00  0.231531914288E+00  0.258350135966E-14  0.147576540817E+00
 -0.214173514857E-15 -0.234261608066E-14  0.416836485823E-14  0.127253705258E-14
 -0.888055415532E-07  0.242352954860E-14 -0.324342642560E-14  0.136427883247E-06
 -0.351993930989E-14 -0.151689197446E-15  0.677974184483E-15  0.140721186025E+00
  0.563358153933E-15 -0.995053729303E-01 -0.233646212577E-15 -0.655754342142E-15
  0.209588401075E-14  0.663231336831E+00  0.116381746766E-14  0.571316765545E-15
 -0.137173392392E-14  0.796885087681E-15 -0.663231546846E+00  0.369691351177E-14
 -0.798131263672E-01 -0.653362355916E+00  0.150819190727E+01 -0.728185153157E-01
 -0.269822027839E-15 -0.514906724376E-01  0.899524354151E+00 -0.607478694342E-14
  0.636062491530E+00 -0.163228680499E-01 -0.157452509818E+00  0.149541861691E-14
 -0.139606324125E+00  0.230340913704E-14 -0.663553705542E+00 -0.164655921852E+00
 -0.644019612805E+00  0.103083351652E-13  0.243812382688E-01 -0.663553710725E+00
 -0.164655862551E+00 -0.191683739701E+00  0.496553185305E-14 -0.615315274795E+00
  0.169716690179E-14  0.119774239316E-13 -0.238048400589E-13 -0.584201548647E-15
 -0.186962912365E-01  0.257705096657E-14 -0.627500521658E-14 -0.586472102730E+00
 -0.143606287369E-13 -0.841771602538E-16  0.109583027195E-14  0.121636165121E+00
  0.133539376876E-14  0.172018736386E+00  0.970586418367E-14  0.640929221143E-14
  0.123087681958E-14  0.741978951321E+00  0.649333413285E-16  0.688547433675E-14
 -0.147181886598E-15  0.357905924332E-14  0.741978746900E+00  0.121410836434E-13
  0.188491447342E-07  0.804274213896E-07  0.140951651628E-06  0.513922838304E-01
  0.305431863478E-15 -0.726793282811E-01 -0.537640288803E+00 -0.399527670718E-14
  0.760334987474E+00 -0.170237664707E-01 -0.694981162177E-02  0.123215786512E-14
  0.982863659231E-02  0.876696246167E-15 -0.403403614663E+00 -0.103365491989E+00
  0.799734868742E+00  0.662166084191E-14 -0.393017250923E-02  0.403403481832E+00
  0.103365414903E+00 -0.262869672350E+00  0.517548165661E-14 -0.755308578691E+00
 -0.725134789633E-06 -0.358396498346E-05 -0.367964784477E-05 -0.442322355111E+00
 -0.660911400822E-15  0.625530883511E+00 -0.128942462892E+00  0.115526382979E-14
  0.182349272637E+00 -0.151887794912E+00 -0.620076298035E-01 -0.269791253354E-14
  0.876941375342E-01  0.216151401419E-14 -0.256282907551E+00 -0.344796103429E+00
  0.782268663158E-01 -0.880439020805E-15  0.874696181550E+00  0.256287098011E+00
  0.344798243326E+00 -0.850755895317E+00 -0.153642264514E-14  0.217812424067E+00
  0.150784965130E+00  0.777243165843E+00  0.714395780169E+00  0.453506092497E+00
  0.495245806398E-15  0.320683355203E+00  0.188685571194E+00 -0.409139116538E-15
  0.133422632825E+00 -0.168221473938E+00  0.475580972358E-01 -0.248292885208E-14
 -0.257737972941E+00  0.783312935497E-15 -0.428517778520E+00 -0.210597367164E+00
 -0.711136387877E-01  0.479600441088E-16  0.880486233638E+00 -0.428515169096E+00
 -0.210594052503E+00  0.806418984650E+00 -0.693962472919E-15 -0.360536324194E+00
  0.474369578744E-15  0.203275882121E-14  0.251605002803E-14  0.147919888266E-14
 -0.911791970107E-02  0.107952300158E-14 -0.238304324245E-15  0.303316893925E+00
 -0.116512441679E-14  0.206633879277E-14 -0.211320719757E-14  0.592335265552E+00
  0.164077760949E-14  0.837685070008E+00 -0.293272816387E-14  0.156406209216E-14
  0.137779300212E-14 -0.411109800872E+00  0.172290594249E-14 -0.120460890902E-14
 -0.160992943477E-14  0.337023191500E-14 -0.411109819173E+00  0.578516429159E-15
  0.866964315063E-15  0.151120368621E-14  0.155497352424E-13  0.223597475663E-14
  0.282741728068E-07  0.390014126742E-14  0.837153714827E-14  0.770785002214E-07
  0.653281980232E-14 -0.921899584963E-16  0.105724006540E-13  0.868895324395E+00
  0.910824539543E-14 -0.614404304447E+00 -0.931843020993E-14 -0.468765057770E-14
 -0.785864629878E-14 -0.400632750582E+00  0.927514522555E-14 -0.864669009460E-14
  0.451600927509E-15  0.435033365106E-15  0.400632566069E+00 -0.860009482180E-14
  0.122076846254E-01 -0.404269861104E-01  0.723891055085E+00  0.581382212923E-01
  0.130808445809E-15  0.411100734347E-01  0.510977612306E+00 -0.296255591290E-15
  0.361317145581E+00  0.236185125347E-02  0.868191692606E+00 -0.118807884507E-13
  0.617987143360E+00  0.953852128042E-14 -0.410734766802E+00 -0.934145659706E-01
 -0.498834952431E+00  0.588926197921E-14  0.194289796754E+00 -0.410734896418E+00
 -0.934146153930E-01  0.169022345507E-01 -0.507663004627E-14 -0.535069196232E+00
  0.838021620001E-01  0.232191746701E+00  0.187888146084E+01  0.317819059242E+00
 -0.331916156590E-16  0.224733130610E+00  0.646835543391E+00 -0.435999348140E-15
  0.457383771657E+00  0.683004106033E+00 -0.621766876231E+00 -0.360364883828E-14
  0.743348354593E+00 -0.123404672946E-14 -0.114503623358E+01 -0.235166029318E+00
  0.710921343988E-01  0.194114319505E-14  0.814600944775E+00 -0.114503609363E+01
 -0.235166033854E+00  0.791711373196E+00  0.112085809917E-14 -0.204504149110E+00
 -0.308166090997E-07 -0.235665233332E-06 -0.477361970011E-06  0.292129024307E+00
 -0.798814889461E-15 -0.413131270780E+00  0.684238267877E+00 -0.106156435904E-14
 -0.967655189600E+00 -0.108428656491E+01 -0.442652237968E+00 -0.116014203814E-15
  0.626012931044E+00  0.323570184263E-15  0.110005156951E+01  0.282074228310E+00
 -0.311313138244E-02 -0.454579514359E-16 -0.803936114505E+00 -0.110005079973E+01
 -0.282074136652E+00  0.758996746528E+00 -0.138685916362E-15 -0.265040292078E+00
 $END
 $KINETIC
  0.293566543814E+02 -0.768111871597E+00  0.121463963502E+01 -0.117549361968E+00
  0.459418716559E+00  0.382961583510E+00  0.000000000000E+00  0.000000000000E+00
  0.000000000000E+00  0.433232659239E+01  0.000000000000E+00  0.000000000000E+00
  0.000000000000E+00  0.000000000000E+00  0.433232659239E+01  0.000000000000E+00
  0.000000000000E+00  0.000000000000E+00  0.000000000000E+00  0.000000000000E+00
  0.433232659239E+01  0.000000000000E+00  0.000000000000E+00  0.000000000000E+00
  0.561180717811E+00  0.000000000000E+00  0.000000000000E+00  0.691038610275E+00
  0.000000000000E+00  0.000000000000E+00  0.000000000000E+00  0.000000000000E+00
  0.561180717811E+00  0.000000000000E+00  0.000000000000E+00  0.691038610275E+00
  0.000000000000E+00  0.000000000000E+00  0.000000000000E+00  0.000000000000E+00
  0.000000000000E+00  0.561180717811E+00  0.000000000000E+00  0.000000000000E+00
  0.691038610275E+00  0.000000000000E+00  0.000000000000E+00  0.000000000000E+00
  0.000000000000E+00  0.000000000000E+00  0.000000000000E+00  0.000000000000E+00
  0.000000000000E+00  0.000000000000E+00  0.420000000000E+01  0.000000000000E+00
  0.000000000000E+00  0.000000000000E+00  0.000000000000E+00  0.000000000000E+00
  0.000000000000E+00  0.000000000000E+00  0.000000000000E+00  0.000000000000E+00
  0.000000000000E+00  0.420000000000E+01  0.000000000000E+00  0.000000000000E+00
  0.000000000000E+00  0.000000000000E+00  0.000000000000E+00  0.000000000000E+00
  0.000000000000E+00  0.000000000000E+00  0.000000000000E+00  0.000000000000E+00
  0.000000000000E+00  0.420000000000E+01 -0.111022302463E-15  0.000000000000E+00
  0.000000000000E+00  0.000000000000E+00  0.000000000000E+00  0.000000000000E+00
  0.000000000000E+00  0.000000000000E+00  0.000000000000E+00  0.000000000000E+00
  0.000000000000E+00  0.000000000000E+00  0.420000000000E+01  0.000000000000E+00
  0.000000000000E+00  0.000000000000E+00  0.000000000000E+00  0.000000000000E+00
  0.000000000000E+00  0.000000000000E+00  0.000000000000E+00  0.000000000000E+00
  0.000000000000E+00  0.000000000000E+00  0.000000000000E+00  0.000000000000E+00
  0.420000000000E+01  0.316328838391E-02  0.855406471766E-01  0.165395288088E+00
  0.000000000000E+00  0.000000000000E+00  0.226821063678E+00  0.000000000000E+00
  0.000000000000E+00  0.431261792527E+00  0.363336919402E+00  0.000000000000E+00
  0.000000000000E+00  0.000000000000E+00  0.000000000000E+00  0.969225931578E+00
 -0.168395889782E-01  0.966778876588E-01  0.141242601645E+00  0.000000000000E+00
  0.000000000000E+00  0.499160512778E-01  0.000000000000E+00  0.000000000000E+00
  0.146754935640E+00  0.163007904598E-01  0.000000000000E+00  0.000000000000E+00
  0.000000000000E+00  0.000000000000E+00  0.201141594920E+00  0.182924430000E+00
  0.000000000000E+00  0.000000000000E+00  0.000000000000E+00  0.167567316788E+00
  0.000000000000E+00  0.000000000000E+00  0.277923217817E+00  0.000000000000E+00
  0.000000000000E+00  0.000000000000E+00  0.596721511022E+00  0.000000000000E+00
  0.000000000000E+00  0.000000000000E+00  0.000000000000E+00  0.000000000000E+00
  0.200000000000E+01  0.000000000000E+00  0.000000000000E+00  0.000000000000E+00
  0.000000000000E+00  0.167567316788E+00  0.000000000000E+00  0.000000000000E+00
  0.277923217817E+00  0.000000000000E+00  0.000000000000E+00  0.000000000000E+00
  0.596721511022E+00  0.000000000000E+00  0.000000000000E+00  0.000000000000E+00
  0.000000000000E+00  0.000000000000E+00  0.200000000000E+01  0.179141187087E-01
 -0.427567767690E+00 -0.239700865823E+00  0.000000000000E+00  0.000000000000E+00
 -0.895138762061E+00  0.000000000000E+00  0.000000000000E+00 -0.290336091950E+00
 -0.922676997277E+00  0.000000000000E+00  0.000000000000E+00  0.000000000000E+00
  0.000000000000E+00  0.000000000000E+00  0.000000000000E+00  0.000000000000E+00
  0.000000000000E+00  0.200000000000E+01  0.316329536849E-02  0.855405798877E-01
  0.165395245506E+00  0.213849170997E+00  0.000000000000E+00 -0.756061049666E-01
  0.406598073795E+00  0.000000000000E+00 -0.143752236697E+00 -0.121113680924E+00
 -0.197773476948E+00  0.000000000000E+00  0.279697612442E+00  0.000000000000E+00
 -0.321596024599E-01  0.379826391409E-01 -0.743703468128E-02  0.000000000000E+00
  0.105175083016E-01  0.969225931578E+00 -0.168395861693E-01  0.966778737183E-01
  0.141242586237E+00  0.470613730258E-01  0.000000000000E+00 -0.166384891383E-01
  0.138362085723E+00  0.000000000000E+00 -0.489177410779E-01 -0.543366100251E-02
 -0.887293673862E-02  0.000000000000E+00  0.125483925319E-01  0.000000000000E+00
  0.379826391409E-01  0.704735913880E-01  0.302836527773E-01  0.000000000000E+00
 -0.428273610569E-01  0.201141594920E+00  0.182924430000E+00  0.168895408406E-01
 -0.403115175180E+00 -0.225992450506E+00 -0.777062889564E+00  0.000000000000E+00
  0.333972776707E+00 -0.227197721470E+00  0.000000000000E+00  0.178584848899E+00
  0.181704313105E+00  0.628218680990E+00  0.000000000000E+00 -0.607149553316E+00
  0.000000000000E+00  0.743703468128E-02 -0.302836527773E-01 -0.277778974236E-01
  0.000000000000E+00  0.518845663725E-02  0.000000000000E+00  0.000000000000E+00
  0.200000000000E+01  0.000000000000E+00  0.000000000000E+00  0.000000000000E+00
  0.000000000000E+00  0.167567196406E+00  0.000000000000E+00  0.000000000000E+00
  0.277923153445E+00  0.000000000000E+00  0.000000000000E+00  0.000000000000E+00
 -0.198904761798E+00  0.000000000000E+00  0.562595023729E+00  0.000000000000E+00
  0.000000000000E+00  0.000000000000E+00 -0.241090881536E-01  0.000000000000E+00
  0.000000000000E+00  0.000000000000E+00  0.000000000000E+00  0.200000000000E+01
 -0.597127588421E-02  0.142520862280E+00  0.798993461372E-01  0.333972776707E+00
  0.000000000000E+00  0.494915419901E-01  0.178584848899E+00  0.000000000000E+00
  0.214784705125E+00 -0.408754484261E+00  0.270166572666E+00  0.000000000000E+00
  0.413561721394E+00  0.000000000000E+00 -0.105175083016E-01  0.428273610569E-01
  0.518845663725E-02  0.000000000000E+00 -0.314466411023E-01  0.000000000000E+00
  0.000000000000E+00  0.000000000000E+00  0.000000000000E+00  0.200000000000E+01
 $END
 $NUCLEAR
 -0.623980172362E+02  0.118885922900E+02 -0.126005163821E+02  0.525234805828E+01
 -0.822104250978E+01 -0.748694584837E+01  0.208204250774E-01 -0.145265727835E+00
 -0.131934429421E+00 -0.128755934572E+02  0.000000000000E+00  0.000000000000E+00
  0.000000000000E+00  0.000000000000E+00 -0.127984739544E+02  0.147223333137E-01
 -0.102718865334E+00 -0.932921662498E-01  0.272655030614E-01  0.000000000000E+00
 -0.128948728536E+02  0.279133965604E-02 -0.106858464729E+00 -0.193480898856E+00
 -0.439487543950E+01  0.000000000000E+00  0.248217741532E-01 -0.546889488949E+01
  0.000000000000E+00  0.000000000000E+00  0.000000000000E+00  0.000000000000E+00
 -0.432466793671E+01  0.000000000000E+00  0.000000000000E+00 -0.530791290238E+01
  0.197378452434E-02 -0.755606958458E-01 -0.136812270299E+00  0.248217741532E-01
  0.000000000000E+00 -0.441242687254E+01  0.569149787133E-01  0.000000000000E+00
 -0.550913933205E+01  0.112353778814E-02 -0.562352881248E-01 -0.679056253333E-01
  0.768927846751E-01  0.000000000000E+00 -0.153888882938E+00  0.741819627155E-01
  0.000000000000E+00 -0.163654079212E+00 -0.865605801378E+01 -0.917360272580E-03
  0.459156977240E-01  0.554444463918E-01 -0.333557689735E-01  0.000000000000E+00
 -0.108607049164E+00 -0.117156498678E-01  0.000000000000E+00 -0.965091480156E-01
 -0.326018599111E-03 -0.861118736995E+01  0.000000000000E+00  0.000000000000E+00
  0.000000000000E+00  0.000000000000E+00 -0.681089230205E-01  0.000000000000E+00
  0.000000000000E+00 -0.569372761083E-01  0.000000000000E+00  0.000000000000E+00
  0.000000000000E+00 -0.852384194111E+01  0.129736040419E-02 -0.649354565902E-01
 -0.784113194464E-01 -0.145469143619E+00  0.000000000000E+00  0.173765770235E-01
 -0.144474977409E+00  0.000000000000E+00  0.226108131202E-01  0.568482932945E-01
  0.544652334448E-01  0.000000000000E+00 -0.855203606581E+01  0.000000000000E+00
  0.000000000000E+00  0.000000000000E+00  0.000000000000E+00 -0.963201153375E-01
  0.000000000000E+00  0.000000000000E+00 -0.805210990353E-01  0.000000000000E+00
  0.000000000000E+00  0.000000000000E+00  0.230196863528E-01  0.000000000000E+00
 -0.850756476167E+01  0.159851105439E+01 -0.326390680331E+01 -0.363392235372E+01
 -0.315077169109E-01  0.000000000000E+00 -0.250507101119E+01 -0.395951856022E-01
  0.000000000000E+00 -0.366665737914E+01 -0.181203954408E+01 -0.195915774425E-01
  0.000000000000E+00 -0.137655593661E-01  0.000000000000E+00 -0.612572380982E+01
  0.206893066935E+01 -0.382317303763E+01 -0.440408279354E+01 -0.609664934869E-01
  0.000000000000E+00 -0.918775690345E+00 -0.115565153394E+00  0.000000000000E+00
 -0.191907556749E+01 -0.234367134833E+00  0.948107410238E-02  0.000000000000E+00
 -0.368753537903E-01  0.000000000000E+00 -0.378291767997E+01 -0.440538941747E+01
  0.782184844997E-03 -0.223868577911E-01 -0.350147675375E-01 -0.160403967722E+01
  0.000000000000E+00 -0.159472788990E-01 -0.210216704389E+01  0.000000000000E+00
 -0.341134456910E-01 -0.518398003430E-03 -0.230910771261E+01  0.000000000000E+00
 -0.207028233314E-01  0.000000000000E+00 -0.413143490030E-01 -0.363055807929E-01
 -0.531784603342E+01  0.000000000000E+00  0.000000000000E+00  0.000000000000E+00
  0.000000000000E+00 -0.159546139016E+01  0.000000000000E+00  0.000000000000E+00
 -0.208922544912E+01  0.000000000000E+00  0.000000000000E+00  0.000000000000E+00
 -0.230150137103E+01  0.000000000000E+00 -0.159197670317E-01  0.000000000000E+00
  0.000000000000E+00  0.000000000000E+00 -0.530544339330E+01 -0.308759635615E+01
  0.489565869097E+01  0.339330365430E+01  0.418421625240E-01  0.000000000000E+00
  0.394926416022E+01  0.316698693244E-01  0.000000000000E+00  0.158644045239E+01
  0.182648988418E+01  0.312720675445E-01  0.000000000000E+00  0.150055543298E-01
  0.000000000000E+00  0.152299107267E+01  0.124078069161E+01  0.175399034645E-01
  0.000000000000E+00 -0.653988282861E+01  0.159851053233E+01 -0.326390594077E+01
 -0.363392172653E+01 -0.237230901250E+01  0.000000000000E+00  0.805307934634E+00
 -0.347016083059E+01  0.000000000000E+00  0.118487402014E+01  0.604087573435E+00
  0.966775089846E+00  0.000000000000E+00 -0.140871702405E+01  0.000000000000E+00
 -0.847937308815E+00 -0.187518846757E+01 -0.482612957421E+00  0.000000000000E+00
  0.988918517736E+00 -0.612572334715E+01  0.206893048642E+01 -0.382317272548E+01
 -0.440408249584E+01 -0.886553224735E+00  0.000000000000E+00  0.248775132876E+00
 -0.184784578173E+01  0.000000000000E+00  0.530728377538E+00  0.445757517890E-01
  0.123357531974E+00  0.000000000000E+00 -0.197923106676E+00  0.000000000000E+00
 -0.187518856451E+01 -0.298697867648E+01 -0.491065400412E+00  0.000000000000E+00
  0.139781042121E+01 -0.378291742678E+01 -0.440538924873E+01 -0.291075599948E+01
  0.460821465058E+01  0.318757013344E+01  0.334038247425E+01  0.000000000000E+00
 -0.170625184461E+01  0.117583726315E+01  0.000000000000E+00 -0.112726428001E+01
 -0.165467078831E+00 -0.151069821092E+01  0.000000000000E+00  0.109689612045E+01
  0.000000000000E+00  0.771493617911E+00  0.115418363490E+01  0.352588590344E+00
  0.000000000000E+00 -0.115954097901E+01  0.142212030325E+01  0.115771908061E+01
 -0.639307907678E+01  0.000000000000E+00  0.000000000000E+00  0.000000000000E+00
  0.000000000000E+00 -0.159546076699E+01  0.000000000000E+00  0.000000000000E+00
 -0.208922503928E+01  0.000000000000E+00  0.000000000000E+00  0.000000000000E+00
  0.752148631527E+00  0.000000000000E+00 -0.217518542051E+01  0.000000000000E+00
  0.000000000000E+00  0.000000000000E+00 -0.221395025451E+00  0.000000000000E+00
  0.000000000000E+00  0.000000000000E+00  0.000000000000E+00 -0.530544303365E+01
  0.102992374703E+01 -0.165297329148E+01 -0.116410011266E+01 -0.176404127722E+01
  0.000000000000E+00 -0.995157722586E+00 -0.119304758999E+01  0.000000000000E+00
 -0.169156299988E+01  0.137492817406E+01 -0.137742222628E+01  0.000000000000E+00
 -0.117012208679E+01  0.000000000000E+00 -0.784648120037E+00 -0.928912836439E+00
 -0.688723914458E+00  0.000000000000E+00  0.100604016841E+01 -0.546609256914E+00
 -0.447817945199E+00  0.397687318359E+00  0.000000000000E+00 -0.546464873171E+01
 $END
 $DIPOLE
  0.000000000000E+00  0.000000000000E+00  0.000000000000E+00  0.000000000000E+00
  0.000000000000E+00  0.000000000000E+00 -0.376626981479E-01  0.264370451685E+00
  0.247030616387E+00  0.000000000000E+00  0.000000000000E+00  0.000000000000E+00
  0.000000000000E+00  0.000000000000E+00  0.000000000000E+00  0.000000000000E+00
  0.000000000000E+00  0.000000000000E+00  0.000000000000E+00  0.000000000000E+00
  0.000000000000E+00 -0.504933893507E-02  0.208265087620E+00  0.522616414491E+00
  0.000000000000E+00  0.000000000000E+00  0.000000000000E+00  0.000000000000E+00
  0.000000000000E+00  0.000000000000E+00  0.000000000000E+00  0.000000000000E+00
  0.000000000000E+00  0.000000000000E+00  0.000000000000E+00  0.000000000000E+00
  0.000000000000E+00  0.000000000000E+00  0.000000000000E+00  0.000000000000E+00
  0.000000000000E+00  0.000000000000E+00  0.000000000000E+00  0.000000000000E+00
  0.000000000000E+00  0.000000000000E+00  0.000000000000E+00  0.000000000000E+00
 -0.124636791983E+00  0.000000000000E+00  0.000000000000E+00 -0.121872454857E+00
  0.000000000000E+00  0.000000000000E+00  0.000000000000E+00  0.000000000000E+00
  0.000000000000E+00  0.000000000000E+00  0.000000000000E+00  0.000000000000E+00
  0.215877256206E+00  0.000000000000E+00  0.000000000000E+00  0.211089283855E+00
  0.000000000000E+00  0.000000000000E+00  0.000000000000E+00  0.000000000000E+00
  0.000000000000E+00  0.000000000000E+00  0.000000000000E+00  0.000000000000E+00
  0.000000000000E+00  0.000000000000E+00  0.000000000000E+00  0.000000000000E+00
  0.000000000000E+00  0.000000000000E+00  0.000000000000E+00  0.000000000000E+00
  0.000000000000E+00  0.215877256206E+00  0.000000000000E+00  0.000000000000E+00
  0.211089283855E+00  0.000000000000E+00  0.000000000000E+00  0.000000000000E+00
  0.000000000000E+00  0.000000000000E+00  0.000000000000E+00  0.000000000000E+00
  0.000000000000E+00  0.000000000000E+00  0.000000000000E+00  0.215877256206E+00
  0.000000000000E+00  0.000000000000E+00  0.211089283855E+00  0.000000000000E+00
  0.000000000000E+00  0.000000000000E+00  0.000000000000E+00  0.000000000000E+00
  0.000000000000E+00  0.000000000000E+00  0.000000000000E+00  0.000000000000E+00
  0.823466776530E-01  0.000000000000E+00  0.000000000000E+00  0.181038106510E+00
  0.000000000000E+00  0.000000000000E+00  0.000000000000E+00  0.989188225693E-01
  0.000000000000E+00  0.000000000000E+00  0.000000000000E+00  0.000000000000E+00
  0.000000000000E+00  0.000000000000E+00  0.000000000000E+00  0.127708187707E+00
  0.000000000000E+00  0.000000000000E+00  0.470536530327E+00  0.000000000000E+00
  0.000000000000E+00  0.000000000000E+00  0.490326056628E-01  0.000000000000E+00
  0.000000000000E+00  0.000000000000E+00  0.000000000000E+00  0.000000000000E+00
 -0.157767339807E-02  0.803722336196E-01  0.190529349819E+00  0.000000000000E+00
  0.000000000000E+00  0.722601529094E-01  0.000000000000E+00  0.000000000000E+00
  0.259855570852E+00  0.359734485951E-01  0.000000000000E+00  0.000000000000E+00
  0.586345579287E-01  0.000000000000E+00  0.325467544386E+00  0.286336034364E+00
  0.000000000000E+00  0.000000000000E+00  0.000000000000E+00  0.000000000000E+00
  0.000000000000E+00  0.000000000000E+00  0.000000000000E+00  0.000000000000E+00
  0.000000000000E+00  0.000000000000E+00  0.000000000000E+00  0.000000000000E+00
  0.000000000000E+00  0.000000000000E+00  0.586345579287E-01  0.000000000000E+00
  0.000000000000E+00  0.000000000000E+00  0.000000000000E+00  0.000000000000E+00
  0.000000000000E+00  0.000000000000E+00 -0.106294273304E+00  0.000000000000E+00
  0.000000000000E+00 -0.897851162769E-01  0.000000000000E+00  0.000000000000E+00
  0.000000000000E+00 -0.122779040000E+00  0.000000000000E+00  0.000000000000E+00
  0.000000000000E+00  0.000000000000E+00  0.000000000000E+00  0.000000000000E+00
  0.000000000000E+00  0.000000000000E+00 -0.219430231513E-02  0.116981012914E+00
  0.307024356583E+00  0.163210787176E+00  0.000000000000E+00 -0.285894112346E-01
  0.527619225482E+00  0.000000000000E+00 -0.122533326036E+00 -0.802549490892E-01
 -0.760994304923E-01  0.000000000000E+00  0.154253103531E+00  0.000000000000E+00
  0.492313958829E-01  0.211901658115E+00  0.499733004312E-01  0.000000000000E+00
 -0.350735195432E-01  0.895670068397E+00 -0.767405294287E-03  0.461557179053E-01
  0.200769701532E+00  0.136366425933E+00  0.000000000000E+00 -0.306111284611E-02
  0.571182558563E+00  0.000000000000E+00 -0.355832867521E-01 -0.273351492387E-01
 -0.173974965264E-01  0.000000000000E+00  0.477183256820E-01  0.000000000000E+00
  0.528613442653E-01  0.265174148327E+00  0.125979634449E+00  0.000000000000E+00
 -0.150730203129E-01  0.613354705868E+00  0.895670068397E+00  0.494322240628E-02
 -0.104944597671E+00 -0.207516731528E-01 -0.144673307511E+00  0.000000000000E+00
  0.398044945631E-01  0.116967079588E+00  0.000000000000E+00  0.153359229937E-01
  0.379183986969E-01  0.855260866177E-01  0.000000000000E+00 -0.891953690566E-01
  0.000000000000E+00 -0.164682209812E-01  0.454021015841E-01 -0.185924382512E-01
  0.000000000000E+00  0.262935608121E-01  0.325467544386E+00  0.286336034364E+00
  0.895670068397E+00  0.000000000000E+00  0.000000000000E+00  0.000000000000E+00
  0.000000000000E+00  0.681276097663E-01  0.000000000000E+00  0.000000000000E+00
  0.244994530771E+00  0.000000000000E+00  0.000000000000E+00  0.000000000000E+00
 -0.380081354113E-01  0.000000000000E+00  0.166139192623E+00  0.000000000000E+00
  0.000000000000E+00  0.000000000000E+00  0.143922446284E-01  0.000000000000E+00
  0.000000000000E+00  0.000000000000E+00  0.000000000000E+00  0.895670068397E+00
 -0.230545420182E-02  0.655185238631E-01  0.746981299486E-01  0.993219267803E-01
  0.000000000000E+00  0.455390536759E-01  0.131881451731E+00  0.000000000000E+00
  0.208949023815E+00 -0.994356659724E-01  0.109026095686E+00  0.000000000000E+00
  0.109277280279E+00  0.000000000000E+00  0.588885611750E-01  0.988803101668E-01
  0.670007939621E-01  0.000000000000E+00 -0.515765314283E-01  0.000000000000E+00
  0.000000000000E+00  0.000000000000E+00  0.000000000000E+00  0.895670068397E+00
  0.000000000000E+00  0.000000000000E+00  0.000000000000E+00  0.000000000000E+00
  0.000000000000E+00  0.000000000000E+00  0.000000000000E+00  0.000000000000E+00
  0.000000000000E+00  0.000000000000E+00 -0.376626981479E-01  0.264370451685E+00
  0.247030616387E+00  0.000000000000E+00  0.000000000000E+00  0.000000000000E+00
  0.000000000000E+00  0.000000000000E+00  0.000000000000E+00  0.000000000000E+00
  0.000000000000E+00  0.000000000000E+00  0.000000000000E+00  0.000000000000E+00
  0.000000000000E+00  0.000000000000E+00  0.000000000000E+00  0.000000000000E+00
 -0.504933893507E-02  0.208265087620E+00  0.522616414491E+00  0.000000000000E+00
  0.000000000000E+00  0.000000000000E+00  0.000000000000E+00  0.000000000000E+00
  0.000000000000E+00  0.000000000000E+00  0.000000000000E+00  0.000000000000E+00
  0.000000000000E+00  0.000000000000E+00  0.000000000000E+00  0.000000000000E+00
  0.000000000000E+00  0.000000000000E+00  0.000000000000E+00  0.000000000000E+00
  0.000000000000E+00 -0.124636791983E+00  0.000000000000E+00  0.000000000000E+00
 -0.121872454857E+00  0.000000000000E+00  0.000000000000E+00  0.000000000000E+00
  0.000000000000E+00  0.000000000000E+00  0.000000000000E+00  0.000000000000E+00
  0.000000000000E+00  0.000000000000E+00  0.000000000000E+00  0.000000000000E+00
  0.000000000000E+00  0.000000000000E+00  0.000000000000E+00  0.000000000000E+00
  0.000000000000E+00  0.000000000000E+00  0.000000000000E+00  0.215877256206E+00
  0.000000000000E+00  0.000000000000E+00  0.211089283855E+00  0.000000000000E+00
  0.000000000000E+00  0.000000000000E+00  0.000000000000E+00  0.000000000000E+00
  0.000000000000E+00  0.000000000000E+00 -0.215877256206E+00  0.000000000000E+00
  0.000000000000E+00 -0.211089283855E+00  0.000000000000E+00  0.000000000000E+00
  0.000000000000E+00  0.000000000000E+00  0.000000000000E+00  0.000000000000E+00
  0.000000000000E+00  0.000000000000E+00  0.215877256206E+00  0.000000000000E+00
  0.000000000000E+00  0.211089283855E+00  0.000000000000E+00  0.000000000000E+00
  0.000000000000E+00  0.000000000000E+00  0.000000000000E+00  0.000000000000E+00
  0.000000000000E+00  0.000000000000E+00  0.000000000000E+00  0.000000000000E+00
  0.000000000000E+00  0.823466776530E-01  0.000000000000E+00  0.000000000000E+00
  0.181038106510E+00  0.000000000000E+00  0.000000000000E+00  0.000000000000E+00
  0.989188225693E-01  0.000000000000E+00  0.000000000000E+00  0.000000000000E+00
  0.000000000000E+00  0.000000000000E+00  0.000000000000E+00  0.000000000000E+00
  0.127708187707E+00  0.000000000000E+00  0.000000000000E+00  0.470536530327E+00
  0.000000000000E+00  0.000000000000E+00  0.000000000000E+00  0.490326056628E-01
  0.000000000000E+00  0.000000000000E+00  0.000000000000E+00  0.000000000000E+00
  0.000000000000E+00  0.000000000000E+00  0.000000000000E+00  0.000000000000E+00
  0.000000000000E+00  0.000000000000E+00  0.000000000000E+00  0.000000000000E+00
  0.000000000000E+00  0.000000000000E+00  0.000000000000E+00  0.000000000000E+00
  0.000000000000E+00  0.586345579287E-01  0.000000000000E+00  0.000000000000E+00
  0.000000000000E+00 -0.157767339807E-02  0.803722336196E-01  0.190529349819E+00
  0.000000000000E+00  0.000000000000E+00  0.722601529094E-01  0.000000000000E+00
  0.000000000000E+00  0.259855570852E+00  0.359734485951E-01  0.000000000000E+00
  0.000000000000E+00 -0.586345579287E-01  0.000000000000E+00  0.325467544386E+00
  0.286336034364E+00  0.000000000000E+00  0.000000000000E+00  0.000000000000E+00
  0.000000000000E+00  0.000000000000E+00  0.000000000000E+00 -0.106294273304E+00
  0.000000000000E+00  0.000000000000E+00 -0.897851162769E-01  0.000000000000E+00
  0.000000000000E+00  0.000000000000E+00 -0.122779040000E+00  0.000000000000E+00
  0.000000000000E+00  0.000000000000E+00  0.000000000000E+00  0.000000000000E+00
  0.000000000000E+00  0.000000000000E+00  0.000000000000E+00  0.000000000000E+00
  0.000000000000E+00  0.000000000000E+00  0.823466572945E-01  0.000000000000E+00
  0.000000000000E+00  0.181038083603E+00  0.000000000000E+00  0.000000000000E+00
  0.000000000000E+00 -0.329725503120E-01  0.000000000000E+00  0.932616824131E-01
  0.000000000000E+00  0.000000000000E+00  0.000000000000E+00  0.251724660741E-01
  0.000000000000E+00  0.000000000000E+00  0.000000000000E+00  0.000000000000E+00
  0.000000000000E+00  0.000000000000E+00  0.127708177439E+00  0.000000000000E+00
  0.000000000000E+00  0.470536501255E+00  0.000000000000E+00  0.000000000000E+00
  0.000000000000E+00 -0.163440113179E-01  0.000000000000E+00  0.462284530149E-01
  0.000000000000E+00  0.000000000000E+00  0.000000000000E+00  0.115321351935E+00
  0.000000000000E+00  0.000000000000E+00  0.000000000000E+00  0.000000000000E+00
  0.000000000000E+00  0.000000000000E+00  0.000000000000E+00 -0.100215324249E+00
  0.000000000000E+00  0.000000000000E+00 -0.846503400346E-01  0.000000000000E+00
  0.000000000000E+00  0.000000000000E+00  0.570122031169E-01  0.000000000000E+00
 -0.102622445489E+00  0.000000000000E+00  0.000000000000E+00  0.000000000000E+00
 -0.143922446284E-01  0.000000000000E+00  0.000000000000E+00  0.000000000000E+00
  0.000000000000E+00 -0.157767256706E-02  0.803722100031E-01  0.190529322894E+00
  0.681276097663E-01  0.000000000000E+00 -0.240864305954E-01  0.244994530771E+00
  0.000000000000E+00 -0.866175076732E-01 -0.571283106604E-01 -0.380081354113E-01
  0.000000000000E+00 -0.488220975587E-02  0.000000000000E+00  0.251724660741E-01
  0.115321351935E+00  0.143922446284E-01  0.000000000000E+00 -0.203536165750E-01
  0.325467544386E+00  0.286336034364E+00  0.000000000000E+00  0.000000000000E+00
  0.000000000000E+00  0.000000000000E+00  0.000000000000E+00  0.000000000000E+00
  0.354310016217E-01  0.000000000000E+00  0.000000000000E+00  0.299280210640E-01
  0.000000000000E+00  0.000000000000E+00  0.000000000000E+00  0.384779447989E-01
  0.000000000000E+00  0.570122031169E-01  0.000000000000E+00  0.000000000000E+00
  0.000000000000E+00  0.203536165750E-01  0.000000000000E+00  0.000000000000E+00
  0.000000000000E+00  0.000000000000E+00  0.000000000000E+00  0.000000000000E+00
  0.000000000000E+00  0.000000000000E+00  0.000000000000E+00  0.000000000000E+00
  0.000000000000E+00  0.000000000000E+00  0.000000000000E+00  0.000000000000E+00
  0.000000000000E+00  0.000000000000E+00  0.000000000000E+00  0.000000000000E+00
  0.000000000000E+00  0.000000000000E+00  0.000000000000E+00 -0.376626981479E-01
  0.264370451685E+00  0.247030616387E+00  0.000000000000E+00  0.000000000000E+00
  0.000000000000E+00  0.000000000000E+00  0.000000000000E+00  0.000000000000E+00
  0.000000000000E+00  0.000000000000E+00  0.000000000000E+00  0.000000000000E+00
  0.000000000000E+00  0.000000000000E+00  0.000000000000E+00  0.000000000000E+00
  0.000000000000E+00  0.000000000000E+00  0.000000000000E+00  0.000000000000E+00
 -0.504933893507E-02  0.208265087620E+00  0.522616414491E+00  0.000000000000E+00
  0.000000000000E+00  0.000000000000E+00  0.000000000000E+00  0.000000000000E+00
  0.000000000000E+00  0.000000000000E+00  0.000000000000E+00  0.000000000000E+00
  0.000000000000E+00  0.000000000000E+00  0.249273583965E+00  0.000000000000E+00
  0.000000000000E+00  0.243744909713E+00  0.000000000000E+00  0.000000000000E+00
  0.000000000000E+00  0.000000000000E+00  0.215877256206E+00  0.000000000000E+00
  0.000000000000E+00  0.211089283855E+00  0.000000000000E+00  0.000000000000E+00
  0.000000000000E+00  0.000000000000E+00  0.000000000000E+00  0.000000000000E+00
  0.000000000000E+00  0.000000000000E+00  0.215877256206E+00  0.000000000000E+00
  0.000000000000E+00  0.211089283855E+00  0.000000000000E+00  0.000000000000E+00
  0.000000000000E+00  0.000000000000E+00  0.000000000000E+00  0.000000000000E+00
  0.000000000000E+00  0.000000000000E+00  0.000000000000E+00  0.000000000000E+00
  0.000000000000E+00  0.000000000000E+00  0.000000000000E+00  0.000000000000E+00
  0.000000000000E+00  0.000000000000E+00  0.000000000000E+00  0.000000000000E+00
  0.000000000000E+00  0.000000000000E+00  0.000000000000E+00  0.000000000000E+00
  0.000000000000E+00  0.000000000000E+00  0.000000000000E+00  0.000000000000E+00
  0.000000000000E+00  0.000000000000E+00  0.000000000000E+00  0.000000000000E+00
  0.000000000000E+00 -0.232740623456E-02  0.124076936654E+00  0.325648034916E+00
  0.000000000000E+00  0.000000000000E+00  0.173318566537E+00  0.000000000000E+00
  0.000000000000E+00  0.570940716026E+00  0.198257551200E+00  0.000000000000E+00
  0.000000000000E+00  0.000000000000E+00  0.000000000000E+00  0.950000072546E+00
 -0.813955020738E-03  0.489554583758E-01  0.212948103597E+00  0.000000000000E+00
  0.000000000000E+00  0.137448687363E+00  0.000000000000E+00  0.000000000000E+00
  0.583762995176E+00  0.586707697712E-01  0.000000000000E+00  0.000000000000E+00
  0.000000000000E+00  0.000000000000E+00  0.650559883187E+00  0.950000072546E+00
  0.000000000000E+00  0.000000000000E+00  0.000000000000E+00  0.722601529094E-01
  0.000000000000E+00  0.000000000000E+00  0.259855570852E+00  0.000000000000E+00
  0.000000000000E+00  0.000000000000E+00  0.179576956548E+00  0.000000000000E+00
  0.000000000000E+00  0.000000000000E+00  0.000000000000E+00  0.000000000000E+00
  0.950000072546E+00  0.000000000000E+00  0.000000000000E+00  0.000000000000E+00
  0.000000000000E+00  0.722601529094E-01  0.000000000000E+00  0.000000000000E+00
  0.259855570852E+00  0.000000000000E+00  0.000000000000E+00  0.000000000000E+00
  0.179576956548E+00  0.000000000000E+00  0.000000000000E+00  0.000000000000E+00
  0.000000000000E+00  0.000000000000E+00  0.950000072546E+00  0.575831420837E-02
 -0.128108579643E+00 -0.471610556942E-01  0.000000000000E+00  0.000000000000E+00
 -0.177407731081E+00  0.000000000000E+00  0.000000000000E+00  0.858302447956E-01
 -0.148334626050E+00  0.000000000000E+00  0.000000000000E+00  0.000000000000E+00
  0.000000000000E+00  0.325467544386E+00  0.286336034364E+00  0.000000000000E+00
  0.000000000000E+00  0.950000072546E+00  0.775792818802E-03 -0.413584897255E-01
 -0.108548074434E+00 -0.285894112346E-01  0.000000000000E+00  0.924544076153E-01
 -0.122533326036E+00  0.000000000000E+00  0.224359586637E+00 -0.287360962624E-01
  0.108509136563E+00  0.000000000000E+00 -0.215634400901E-01  0.000000000000E+00
  0.348120005966E-01 -0.188497300476E-01  0.353982449927E-01  0.000000000000E+00
 -0.248879883311E-01 -0.316663024182E+00  0.271315174902E-03 -0.163182959115E-01
 -0.709818750168E-01 -0.306111284611E-02  0.000000000000E+00  0.128790430029E+00
 -0.355832867521E-01  0.000000000000E+00  0.483116927453E+00 -0.186443504296E-01
  0.466009113831E-01  0.000000000000E+00 -0.526742604291E-03  0.000000000000E+00
  0.206066233490E+00  0.187507228755E+00  0.703922249463E-01  0.000000000000E+00
  0.157721576702E-01 -0.216850783463E+00 -0.316663024182E+00 -0.230545420182E-02
  0.655185238631E-01  0.746981299486E-01  0.398044945631E-01  0.000000000000E+00
 -0.122803880339E+00  0.153359229937E-01  0.000000000000E+00 -0.120695846991E+00
  0.651443881108E-01 -0.126141221461E+00  0.000000000000E+00  0.142569417504E-01
  0.000000000000E+00 -0.115832033609E-01  0.134150649076E-01 -0.131468945758E-01
  0.000000000000E+00  0.185924298442E-01  0.000000000000E+00  0.000000000000E+00
 -0.316663024182E+00  0.000000000000E+00  0.000000000000E+00  0.000000000000E+00
  0.000000000000E+00 -0.240864305954E-01  0.000000000000E+00  0.000000000000E+00
 -0.866175076732E-01  0.000000000000E+00  0.000000000000E+00  0.000000000000E+00
  0.720722657646E-01  0.000000000000E+00 -0.380081354113E-01  0.000000000000E+00
  0.000000000000E+00  0.000000000000E+00  0.101768966653E-01  0.000000000000E+00
  0.000000000000E+00  0.000000000000E+00  0.000000000000E+00 -0.316663024182E+00
 -0.762582138766E-03  0.572082184414E-01  0.164119893166E+00  0.455390536759E-01
  0.000000000000E+00 -0.475570402385E-02  0.208949023815E+00  0.000000000000E+00
 -0.130563150714E+00  0.446727991226E-01 -0.593814215317E-02  0.000000000000E+00
  0.352740754433E-01  0.000000000000E+00  0.415535161469E-01  0.963496699973E-01
  0.473769191009E-01  0.000000000000E+00 -0.364702688325E-01  0.325467544386E+00
  0.286336034364E+00  0.000000000000E+00  0.000000000000E+00 -0.316663024182E+00
 $END
