 Water DF-BP86-D3(PCM)/def2-TZVPP                                               
 MOs in the AO basis:
 -------------------------------------------------------------------------------
     0.435768790    0.638423655    0.036232663   -0.021497814    0.007091981
     0.000000000    0.000000000   -0.002041459    0.000000000    0.000000000
     0.002116409    0.000000000    0.000000000   -0.000450616    0.000080082
     0.000000000    0.000000000   -0.000471360    0.000000000   -0.000241104
     0.000000000    0.000000000    0.000547334    0.000000000    0.000064189
     0.000000000    0.000000000    0.000019241    0.000000000    0.000000000
     0.000000000    0.000521756    0.001222201   -0.001160783    0.000000000
     0.000152754   -0.000229656    0.000000000   -0.000660656    0.000487413
    -0.000123204    0.000000000    0.000776340    0.000389765    0.000000000
     0.000521756    0.001222201   -0.001160783    0.000000000   -0.000152754
    -0.000229656    0.000000000    0.000660656    0.000487413   -0.000123204
     0.000000000   -0.000776340    0.000389765    0.000000000
    -0.098030775   -0.228912392    0.341703534    0.408429450    0.151624429
     0.000000000    0.000000000   -0.091131368    0.000000000    0.000000000
    -0.062762972    0.000000000    0.000000000   -0.008525675    0.001469679
     0.000000000    0.000000000   -0.003945805    0.000000000    0.003567314
     0.000000000    0.000000000   -0.006161341    0.000000000   -0.000247370
     0.000000000    0.000000000    0.000680274    0.000000000    0.000000000
     0.000000000    0.094849974    0.084526735    0.006498181    0.000000000
    -0.012457804    0.008657589    0.000000000   -0.012677886    0.006556200
     0.000002903    0.000000000   -0.003870214   -0.003029088    0.000000000
     0.094849974    0.084526735    0.006498181    0.000000000    0.012457804
     0.008657589    0.000000000    0.012677886    0.006556200    0.000002903
     0.000000000    0.003870214   -0.003029088    0.000000000
     0.000000000    0.000000000    0.000000000    0.000000000    0.000000000
     0.000000000    0.389090525    0.000000000    0.000000000    0.268626174
     0.000000000    0.000000000    0.116372899    0.000000000    0.000000000
     0.000000000   -0.011023021    0.000000000    0.000000000    0.000000000
     0.000000000   -0.010383160    0.000000000    0.000000000    0.000000000
     0.000000000   -0.000948558    0.000000000    0.000000000    0.000000000
    -0.001919607    0.149438318    0.213563444    0.064580192    0.000000000
    -0.010070166    0.013965021    0.000000000   -0.012696974    0.020323769
     0.002360742    0.000000000   -0.005961722   -0.002606448    0.000000000
    -0.149438318   -0.213563444   -0.064580192    0.000000000   -0.010070166
    -0.013965021    0.000000000   -0.012696974   -0.020323769   -0.002360742
     0.000000000   -0.005961722    0.002606448    0.000000000
    -0.037572226   -0.089141231    0.135351168    0.207197482    0.255213710
     0.000000000    0.000000000    0.415533423    0.000000000    0.000000000
     0.303601940    0.000000000    0.000000000    0.217256311   -0.005700465
     0.000000000    0.000000000    0.001763880    0.000000000   -0.014874894
     0.000000000    0.000000000   -0.001440195    0.000000000    0.000899223
     0.000000000    0.000000000   -0.001540611    0.000000000    0.000000000
     0.000000000   -0.087556260   -0.144850277   -0.043073348    0.000000000
     0.009968098    0.001290609    0.000000000    0.022036049    0.015921862
     0.003117510    0.000000000    0.000690545    0.003952209    0.000000000
    -0.087556260   -0.144850277   -0.043073348    0.000000000   -0.009968098
     0.001290609    0.000000000   -0.022036049    0.015921862    0.003117510
     0.000000000   -0.000690545    0.003952209    0.000000000
     0.000000000    0.000000000    0.000000000    0.000000000    0.000000000
     0.475448520    0.000000000    0.000000000    0.370428681    0.000000000
     0.000000000    0.326148033    0.000000000    0.000000000    0.000000000
    -0.005189864    0.000000000    0.000000000    0.000000000    0.000000000
    -0.017003826    0.000000000    0.000000000    0.000000000    0.000000000
     0.001306776    0.000000000    0.000000000    0.000000000   -0.003134034
     0.000000000    0.000000000    0.000000000    0.000000000    0.011139455
     0.000000000    0.000000000    0.033121096    0.000000000    0.000000000
     0.000000000    0.003318894    0.000000000    0.000000000   -0.005031108
     0.000000000    0.000000000    0.000000000    0.011139455    0.000000000
     0.000000000    0.033121096    0.000000000    0.000000000    0.000000000
     0.003318894    0.000000000    0.000000000    0.005031108
    -0.036841050   -0.090258602    0.168817176    0.169105222    1.227149002
     0.000000000    0.000000000   -0.170780931    0.000000000    0.000000000
    -0.198036368    0.000000000    0.000000000   -0.409517493    0.000642010
     0.000000000    0.000000000    0.003441004    0.000000000    0.016405655
     0.000000000    0.000000000   -0.014738603    0.000000000   -0.000310856
     0.000000000    0.000000000    0.001539415    0.000000000    0.000000000
     0.000000000   -0.044336994   -0.276351786   -0.895492876    0.000000000
    -0.015601446    0.008213228    0.000000000    0.050832385   -0.025361987
    -0.000562860    0.000000000    0.002253468    0.001630288    0.000000000
    -0.044336994   -0.276351786   -0.895492876    0.000000000    0.015601446
     0.008213228    0.000000000   -0.050832385   -0.025361987   -0.000562860
     0.000000000   -0.002253468    0.001630288    0.000000000
     0.000000000    0.000000000    0.000000000    0.000000000    0.000000000
     0.000000000   -0.279137739    0.000000000    0.000000000   -0.243675338
     0.000000000    0.000000000   -0.704618130    0.000000000    0.000000000
     0.000000000   -0.003936566    0.000000000    0.000000000    0.000000000
     0.000000000    0.012308030    0.000000000    0.000000000    0.000000000
     0.000000000    0.001089701    0.000000000    0.000000000    0.000000000
     0.001324396    0.049364370    0.209364097    1.517665735    0.000000000
     0.013060551   -0.014736906    0.000000000   -0.025191099    0.019201374
    -0.002386491    0.000000000   -0.002521007   -0.003097412    0.000000000
    -0.049364370   -0.209364097   -1.517665735    0.000000000    0.013060551
     0.014736906    0.000000000   -0.025191099   -0.019201374    0.002386491
     0.000000000   -0.002521007    0.003097412    0.000000000
     0.000000000    0.000000000    0.000000000    0.000000000    0.000000000
     0.000000000   -0.115384908    0.000000000    0.000000000   -0.270667796
     0.000000000    0.000000000   -0.957432557    0.000000000    0.000000000
     0.000000000   -0.024732441    0.000000000    0.000000000    0.000000000
     0.000000000    0.071543614    0.000000000    0.000000000    0.000000000
     0.000000000   -0.009126073    0.000000000    0.000000000    0.000000000
     0.010267701    0.129107559    1.310624678   -0.745135646    0.000000000
    -0.036588759    0.019107667    0.000000000   -0.027920764   -0.031910232
    -0.003029938    0.000000000   -0.021125597   -0.008998586    0.000000000
    -0.129107559   -1.310624678    0.745135646    0.000000000   -0.036588759
    -0.019107667    0.000000000   -0.027920764    0.031910232    0.003029938
     0.000000000   -0.021125597    0.008998586    0.000000000
    -0.004698276   -0.005023028   -0.141074571    0.758417416    1.786577922
     0.000000000    0.000000000    0.350296454    0.000000000    0.000000000
     0.202460634    0.000000000    0.000000000   -1.738697039   -0.012712232
     0.000000000    0.000000000    0.005794662    0.000000000    0.052744820
     0.000000000    0.000000000   -0.144774438    0.000000000    0.006168654
     0.000000000    0.000000000    0.016982597    0.000000000    0.000000000
     0.000000000    0.066441448   -0.778172295   -0.671309102    0.000000000
     0.014542414   -0.014664560    0.000000000    0.498021204   -0.267783741
     0.004506880    0.000000000    0.035296838    0.027805089    0.000000000
     0.066441448   -0.778172295   -0.671309102    0.000000000   -0.014542414
    -0.014664560    0.000000000   -0.498021204   -0.267783741    0.004506880
     0.000000000   -0.035296838    0.027805089    0.000000000
     0.034828366    0.078505769   -0.008060257   -0.808903601   -0.138729033
     0.000000000    0.000000000    0.050009026    0.000000000    0.000000000
     0.109254752    0.000000000    0.000000000    0.813740473   -0.003683355
     0.000000000    0.000000000   -0.016925997    0.000000000    0.000369138
     0.000000000    0.000000000    0.029952686    0.000000000   -0.008825790
     0.000000000    0.000000000   -0.015782775    0.000000000    0.000000000
     0.000000000    0.118813218    1.373317631   -0.632572697    0.000000000
    -0.025720297    0.019987813    0.000000000    0.091618981    0.117162557
     0.010687891    0.000000000   -0.019065672   -0.014043148    0.000000000
     0.118813218    1.373317631   -0.632572697    0.000000000    0.025720297
     0.019987813    0.000000000   -0.091618981    0.117162557    0.010687891
     0.000000000    0.019065672   -0.014043148    0.000000000
     0.000000000    0.000000000    0.000000000    0.000000000    0.000000000
    -0.330477933    0.000000000    0.000000000   -0.682002646    0.000000000
     0.000000000    1.249322715    0.000000000    0.000000000    0.000000000
     0.007040706    0.000000000    0.000000000    0.000000000    0.000000000
    -0.011487012    0.000000000    0.000000000    0.000000000    0.000000000
    -0.000399192    0.000000000    0.000000000    0.000000000    0.001283136
     0.000000000    0.000000000    0.000000000    0.000000000    0.006049676
     0.000000000    0.000000000   -0.030180721    0.000000000    0.000000000
     0.000000000   -0.001208466    0.000000000    0.000000000    0.002226800
     0.000000000    0.000000000    0.000000000    0.006049676    0.000000000
     0.000000000   -0.030180721    0.000000000    0.000000000    0.000000000
    -0.001208466    0.000000000    0.000000000   -0.002226800
     0.000000000    0.000000000    0.000000000    0.000000000    0.000000000
     0.000000000   -0.351377065    0.000000000    0.000000000   -0.070661809
     0.000000000    0.000000000    2.530193406    0.000000000    0.000000000
     0.000000000    0.018585225    0.000000000    0.000000000    0.000000000
     0.000000000   -0.269208976    0.000000000    0.000000000    0.000000000
     0.000000000    0.015432094    0.000000000    0.000000000    0.000000000
    -0.011740883    0.064702538   -0.778471445   -1.909058919    0.000000000
     0.029687723   -0.016342508    0.000000000    0.483433832   -0.431510319
    -0.001396358    0.000000000    0.047920172    0.029816460    0.000000000
    -0.064702538    0.778471445    1.909058919    0.000000000    0.029687723
     0.016342508    0.000000000    0.483433832    0.431510319    0.001396358
     0.000000000    0.047920172   -0.029816460    0.000000000
     0.046681205    0.100353899   -0.031672940   -1.301480287    4.898900695
     0.000000000    0.000000000    0.054257175    0.000000000    0.000000000
    -0.319366306    0.000000000    0.000000000   -0.882496151    0.009397603
     0.000000000    0.000000000    0.023034902    0.000000000   -0.006639171
     0.000000000    0.000000000   -0.144153870    0.000000000    0.012411263
     0.000000000    0.000000000    0.017605542    0.000000000    0.000000000
     0.000000000    0.027258258   -1.191009971   -1.023846817    0.000000000
     0.021128247   -0.001059026    0.000000000    0.204757338   -0.562590536
    -0.018358533    0.000000000    0.038199141    0.015871363    0.000000000
     0.027258258   -1.191009971   -1.023846817    0.000000000   -0.021128247
    -0.001059026    0.000000000   -0.204757338   -0.562590536   -0.018358533
     0.000000000   -0.038199141    0.015871363    0.000000000
     0.015290212    0.032592255   -0.049051364   -0.380676013    3.819619075
     0.000000000    0.000000000   -0.075876879    0.000000000    0.000000000
    -0.657530227    0.000000000    0.000000000   -1.798349249   -0.031723519
     0.000000000    0.000000000    0.001785369    0.000000000    0.085939606
     0.000000000    0.000000000   -0.047767643    0.000000000   -0.002868083
     0.000000000    0.000000000    0.021803073    0.000000000    0.000000000
     0.000000000    0.007535159   -1.820094415   -0.445331882    0.000000000
     0.008308593   -0.043788296    0.000000000    0.801241288    0.350864927
     0.028930731    0.000000000    0.014935133    0.055770976    0.000000000
     0.007535159   -1.820094415   -0.445331882    0.000000000   -0.008308593
    -0.043788296    0.000000000   -0.801241288    0.350864927    0.028930731
     0.000000000   -0.014935133    0.055770976    0.000000000
     0.000000000    0.000000000    0.000000000    0.000000000    0.000000000
     0.000000000    0.000000000    0.000000000    0.000000000    0.000000000
     0.000000000    0.000000000    0.000000000    0.000000000    0.000000000
     0.000000000    0.000000000    0.000000000    0.024955296    0.000000000
     0.000000000    0.000000000    0.000000000    0.015298484    0.000000000
     0.000000000    0.000000000    0.000000000    0.012281314    0.000000000
     0.000000000    0.000000000    0.000000000    0.000000000   -0.044137721
     0.000000000    0.000000000    0.812160457    0.000000000    0.000000000
     0.000000000    0.022611941    0.000000000    0.000000000   -0.010222885
     0.000000000    0.000000000    0.000000000    0.044137721    0.000000000
     0.000000000   -0.812160457    0.000000000    0.000000000    0.000000000
    -0.022611941    0.000000000    0.000000000   -0.010222885
     0.000000000    0.000000000    0.000000000    0.000000000    0.000000000
    -0.073659455    0.000000000    0.000000000   -0.228788127    0.000000000
     0.000000000   -0.866088309    0.000000000    0.000000000    0.000000000
    -0.020909480    0.000000000    0.000000000    0.000000000    0.000000000
    -0.046716766    0.000000000    0.000000000    0.000000000    0.000000000
    -0.003800350    0.000000000    0.000000000    0.000000000    0.014114391
     0.000000000    0.000000000    0.000000000    0.000000000   -0.055671331
     0.000000000    0.000000000    0.947282082    0.000000000    0.000000000
     0.000000000    0.001221749    0.000000000    0.000000000   -0.036766849
     0.000000000    0.000000000    0.000000000   -0.055671331    0.000000000
     0.000000000    0.947282082    0.000000000    0.000000000    0.000000000
     0.001221749    0.000000000    0.000000000    0.036766849
     0.000000000    0.000000000    0.000000000    0.000000000    0.000000000
     0.000000000    0.060470529    0.000000000    0.000000000    0.467894491
     0.000000000    0.000000000    1.481412782    0.000000000    0.000000000
     0.000000000    0.001329186    0.000000000    0.000000000    0.000000000
     0.000000000   -0.101750425    0.000000000    0.000000000    0.000000000
     0.000000000    0.003083091    0.000000000    0.000000000    0.000000000
    -0.012093809    0.002947088   -0.907839893   -0.293418531    0.000000000
     0.057863118    0.033671019    0.000000000   -0.507011528   -1.074962269
    -0.015231427    0.000000000    0.023502453    0.012415552    0.000000000
    -0.002947088    0.907839893    0.293418531    0.000000000    0.057863118
    -0.033671019    0.000000000   -0.507011528    1.074962269    0.015231427
     0.000000000    0.023502453   -0.012415552    0.000000000
    -0.028462944   -0.054620395   -0.448176284    3.883095188    3.744252724
     0.000000000    0.000000000   -0.165496363    0.000000000    0.000000000
    -1.872866369    0.000000000    0.000000000   -0.929758317    0.000736926
     0.000000000    0.000000000    0.012897843    0.000000000    0.043429988
     0.000000000    0.000000000   -0.212983165    0.000000000    0.028317356
     0.000000000    0.000000000    0.064100401    0.000000000    0.000000000
     0.000000000   -0.028989282   -2.970816921   -0.634227758    0.000000000
     0.034505791   -0.016810771    0.000000000    1.867600694   -1.465796395
    -0.020067578    0.000000000    0.144672605    0.115827230    0.000000000
    -0.028989282   -2.970816921   -0.634227758    0.000000000   -0.034505791
    -0.016810771    0.000000000   -1.867600694   -1.465796395   -0.020067578
     0.000000000   -0.144672605    0.115827230    0.000000000
     0.000000000    0.000000000    0.000000000    0.000000000    0.000000000
     0.000000000   -0.188711287    0.000000000    0.000000000   -2.105600461
     0.000000000    0.000000000   -0.943043274    0.000000000    0.000000000
     0.000000000   -0.018135740    0.000000000    0.000000000    0.000000000
     0.000000000    0.312442056    0.000000000    0.000000000    0.000000000
     0.000000000   -0.023522686    0.000000000    0.000000000    0.000000000
     0.026573410    0.121795531    2.195151664    1.014031338    0.000000000
    -0.000960687    0.012259269    0.000000000   -1.904366039    1.345335449
     0.000049176    0.000000000   -0.142793705   -0.080011428    0.000000000
    -0.121795531   -2.195151664   -1.014031338    0.000000000   -0.000960687
    -0.012259269    0.000000000   -1.904366039   -1.345335449   -0.000049176
     0.000000000   -0.142793705    0.080011428    0.000000000
     0.000000000    0.000000000    0.000000000    0.000000000    0.000000000
     0.000000000   -0.051669501    0.000000000    0.000000000   -2.601834777
     0.000000000    0.000000000   -1.984625429    0.000000000    0.000000000
     0.000000000    0.000971733    0.000000000    0.000000000    0.000000000
     0.000000000    1.813563196    0.000000000    0.000000000    0.000000000
     0.000000000   -0.116329208    0.000000000    0.000000000    0.000000000
     0.094078383   -0.414271859    4.475931980    0.284171054    0.000000000
    -0.169159302    0.172506217    0.000000000   -1.772867955    1.241064161
     0.006294416    0.000000000   -0.249090754   -0.131642243    0.000000000
     0.414271859   -4.475931980   -0.284171054    0.000000000   -0.169159302
    -0.172506217    0.000000000   -1.772867955   -1.241064161   -0.006294416
     0.000000000   -0.249090754    0.131642243    0.000000000
     0.000000000    0.000000000    0.000000000    0.000000000    0.000000000
    -0.053162084    0.000000000    0.000000000   -0.091212679    0.000000000
     0.000000000   -0.617455436    0.000000000    0.000000000    0.000000000
    -0.002093755    0.000000000    0.000000000    0.000000000    0.000000000
     1.146317891    0.000000000    0.000000000    0.000000000    0.000000000
    -0.012669652    0.000000000    0.000000000    0.000000000   -0.002062441
     0.000000000    0.000000000    0.000000000    0.000000000   -0.031987560
     0.000000000    0.000000000    0.662493840    0.000000000    0.000000000
     0.000000000    0.064580417    0.000000000    0.000000000    0.025412111
     0.000000000    0.000000000    0.000000000   -0.031987560    0.000000000
     0.000000000    0.662493840    0.000000000    0.000000000    0.000000000
     0.064580417    0.000000000    0.000000000   -0.025412111
     0.000000000    0.000000000    0.000000000    0.000000000    0.000000000
     0.000000000    0.000000000    0.000000000    0.000000000    0.000000000
     0.000000000    0.000000000    0.000000000    0.000000000    0.000000000
     0.000000000    0.000000000    0.000000000   -0.001472610    0.000000000
     0.000000000    0.000000000    0.000000000    1.213236265    0.000000000
     0.000000000    0.000000000    0.000000000   -0.014167038    0.000000000
     0.000000000    0.000000000    0.000000000    0.000000000    0.049568257
     0.000000000    0.000000000   -0.614589103    0.000000000    0.000000000
     0.000000000    0.017704453    0.000000000    0.000000000    0.048908811
     0.000000000    0.000000000    0.000000000   -0.049568257    0.000000000
     0.000000000    0.614589103    0.000000000    0.000000000    0.000000000
    -0.017704453    0.000000000    0.000000000    0.048908811
    -0.000841563    0.011341824   -0.596214299    3.055090260    4.752091702
     0.000000000    0.000000000   -0.129348756    0.000000000    0.000000000
    -1.482387914    0.000000000    0.000000000   -1.652655929    0.000357864
     0.000000000    0.000000000   -0.007823863    0.000000000   -0.142021133
     0.000000000    0.000000000   -1.489138155    0.000000000    0.067539535
     0.000000000    0.000000000    0.144270073    0.000000000    0.000000000
     0.000000000    0.396292873   -4.176794526   -0.313147099    0.000000000
     0.174114360   -0.058333794    0.000000000    1.193243471   -1.242733794
    -0.027550091    0.000000000    0.187870626    0.105725260    0.000000000
     0.396292873   -4.176794526   -0.313147099    0.000000000   -0.174114360
    -0.058333794    0.000000000   -1.193243471   -1.242733794   -0.027550091
     0.000000000   -0.187870626    0.105725260    0.000000000
    -0.004429395   -0.012558406    0.056341943   -0.106623579    2.238287405
     0.000000000    0.000000000   -0.216403999    0.000000000    0.000000000
    -0.130939849    0.000000000    0.000000000   -1.331718264    0.006056456
     0.000000000    0.000000000    0.004298724    0.000000000    1.209925889
     0.000000000    0.000000000   -0.215913540    0.000000000   -0.023030909
     0.000000000    0.000000000   -0.016369730    0.000000000    0.000000000
     0.000000000   -0.127644907   -1.017958443   -0.331204641    0.000000000
    -0.060426833   -0.032503246    0.000000000    0.656427570    0.270446084
     0.037616359    0.000000000    0.009154033   -0.013842229    0.000000000
    -0.127644907   -1.017958443   -0.331204641    0.000000000    0.060426833
    -0.032503246    0.000000000   -0.656427570    0.270446084    0.037616359
     0.000000000   -0.009154033   -0.013842229    0.000000000
     0.030830586    0.104274067   -0.991012930    2.984474376    0.980798072
     0.000000000    0.000000000    0.420294034    0.000000000    0.000000000
    -1.540001120    0.000000000    0.000000000   -0.610579379    0.000837496
     0.000000000    0.000000000   -0.017347995    0.000000000    0.531148419
     0.000000000    0.000000000    0.147038257    0.000000000    0.067812004
     0.000000000    0.000000000    0.163220296    0.000000000    0.000000000
     0.000000000    0.754108673   -2.555524075    0.316748375    0.000000000
     0.162552056   -0.165108986    0.000000000    0.783122665   -0.191077266
    -0.025308220    0.000000000    0.110028945    0.215591114    0.000000000
     0.754108673   -2.555524075    0.316748375    0.000000000   -0.162552056
    -0.165108986    0.000000000   -0.783122665   -0.191077266   -0.025308220
     0.000000000   -0.110028945    0.215591114    0.000000000
     0.000000000    0.000000000    0.000000000    0.000000000    0.000000000
     0.000000000   -0.742839574    0.000000000    0.000000000    2.169073598
     0.000000000    0.000000000   -0.438819323    0.000000000    0.000000000
     0.000000000    0.001328027    0.000000000    0.000000000    0.000000000
     0.000000000    0.153155786    0.000000000    0.000000000    0.000000000
     0.000000000    0.091054002    0.000000000    0.000000000    0.000000000
    -0.100137157    0.640787411   -1.859286349    0.662198993    0.000000000
     0.183337976   -0.115080752    0.000000000    0.519204848   -0.510787666
     0.037291237    0.000000000    0.220415647    0.020201147    0.000000000
    -0.640787411    1.859286349   -0.662198993    0.000000000    0.183337976
     0.115080752    0.000000000    0.519204848    0.510787666   -0.037291237
     0.000000000    0.220415647   -0.020201147    0.000000000
     0.000000000    0.000000000    0.000000000    0.000000000    0.000000000
    -1.188511551    0.000000000    0.000000000    1.626522498    0.000000000
     0.000000000   -0.547638150    0.000000000    0.000000000    0.000000000
    -0.002714208    0.000000000    0.000000000    0.000000000    0.000000000
    -0.091705486    0.000000000    0.000000000    0.000000000    0.000000000
     0.001685660    0.000000000    0.000000000    0.000000000   -0.002071215
     0.000000000    0.000000000    0.000000000    0.000000000    0.097442191
     0.000000000    0.000000000   -0.215054926    0.000000000    0.000000000
     0.000000000    0.002795469    0.000000000    0.000000000   -0.004376262
     0.000000000    0.000000000    0.000000000    0.097442191    0.000000000
     0.000000000   -0.215054926    0.000000000    0.000000000    0.000000000
     0.002795469    0.000000000    0.000000000    0.004376262
    -0.095264451   -0.317280204    1.983967679   -2.431328353    3.273000061
     0.000000000    0.000000000    0.832461895    0.000000000    0.000000000
    -1.499551243    0.000000000    0.000000000   -0.299486474    0.008653375
     0.000000000    0.000000000   -0.010566506    0.000000000    0.130496375
     0.000000000    0.000000000   -0.314649235    0.000000000   -0.003964966
     0.000000000    0.000000000   -0.002806696    0.000000000    0.000000000
     0.000000000   -0.030348058   -1.022857104   -0.410355869    0.000000000
    -0.039831045   -0.051921892    0.000000000    0.456904034   -0.175579448
    -0.007388498    0.000000000    0.008827796   -0.000083195    0.000000000
    -0.030348058   -1.022857104   -0.410355869    0.000000000    0.039831045
    -0.051921892    0.000000000   -0.456904034   -0.175579448   -0.007388498
     0.000000000   -0.008827796   -0.000083195    0.000000000
     0.000000000    0.000000000    0.000000000    0.000000000    0.000000000
     0.048080610    0.000000000    0.000000000   -0.091012180    0.000000000
     0.000000000    0.176737793    0.000000000    0.000000000    0.000000000
    -0.026452211    0.000000000    0.000000000    0.000000000    0.000000000
    -0.325849761    0.000000000    0.000000000    0.000000000    0.000000000
    -0.107533782    0.000000000    0.000000000    0.000000000   -0.100072208
     0.000000000    0.000000000    0.000000000    0.000000000    0.185942552
     0.000000000    0.000000000   -0.191721048    0.000000000    0.000000000
     0.000000000    0.523235013    0.000000000    0.000000000    0.375667666
     0.000000000    0.000000000    0.000000000    0.185942552    0.000000000
     0.000000000   -0.191721048    0.000000000    0.000000000    0.000000000
     0.523235013    0.000000000    0.000000000   -0.375667666
     0.041336529    0.147581393   -1.428685753    3.884139173    1.505713356
     0.000000000    0.000000000    0.386129126    0.000000000    0.000000000
    -1.577956476    0.000000000    0.000000000   -0.492894605    0.035600227
     0.000000000    0.000000000    0.006265009    0.000000000   -0.327847147
     0.000000000    0.000000000   -0.381927993    0.000000000   -0.059388672
     0.000000000    0.000000000    0.087009647    0.000000000    0.000000000
     0.000000000   -0.005462720   -2.158038578   -0.099749202    0.000000000
     0.010812202   -0.092333216    0.000000000    0.978437485   -0.782561068
     0.100192565    0.000000000    0.521848668   -0.403942238    0.000000000
    -0.005462720   -2.158038578   -0.099749202    0.000000000   -0.010812202
    -0.092333216    0.000000000   -0.978437485   -0.782561068    0.100192565
     0.000000000   -0.521848668   -0.403942238    0.000000000
     0.000000000    0.000000000    0.000000000    0.000000000    0.000000000
     0.000000000   -0.816097759    0.000000000    0.000000000    3.102421024
     0.000000000    0.000000000    0.551044160    0.000000000    0.000000000
     0.000000000   -0.080289512    0.000000000    0.000000000    0.000000000
     0.000000000   -0.873402616    0.000000000    0.000000000    0.000000000
     0.000000000   -0.044744982    0.000000000    0.000000000    0.000000000
     0.059572916   -0.374175635   -2.224025178   -0.385607696    0.000000000
    -0.040115166    0.240180310    0.000000000    1.328096547   -1.230109626
    -0.259986900    0.000000000    0.125245713    0.382705392    0.000000000
     0.374175635    2.224025178    0.385607696    0.000000000   -0.040115166
    -0.240180310    0.000000000    1.328096547    1.230109626    0.259986900
     0.000000000    0.125245713   -0.382705392    0.000000000
     0.064726858    0.218365274   -1.993377096    5.322267715    1.207028379
     0.000000000    0.000000000    0.538761330    0.000000000    0.000000000
    -2.380020866    0.000000000    0.000000000   -0.259364526   -0.002179447
     0.000000000    0.000000000   -0.066761742    0.000000000    0.215732589
     0.000000000    0.000000000   -0.733776854    0.000000000    0.018655950
     0.000000000    0.000000000   -0.039503287    0.000000000    0.000000000
     0.000000000   -0.500678589   -2.040611603   -0.178516969    0.000000000
    -0.171231418    0.018510372    0.000000000    1.355286458   -0.969592784
    -0.096450698    0.000000000    0.207995809    0.463516711    0.000000000
    -0.500678589   -2.040611603   -0.178516969    0.000000000    0.171231418
     0.018510372    0.000000000   -1.355286458   -0.969592784   -0.096450698
     0.000000000   -0.207995809    0.463516711    0.000000000
     0.000000000    0.000000000    0.000000000    0.000000000    0.000000000
     0.000000000    0.000000000    0.000000000    0.000000000    0.000000000
     0.000000000    0.000000000    0.000000000    0.000000000    0.000000000
     0.000000000    0.000000000    0.000000000    0.056953201    0.000000000
     0.000000000    0.000000000    0.000000000    0.027387651    0.000000000
     0.000000000    0.000000000    0.000000000   -0.132519323    0.000000000
     0.000000000    0.000000000    0.000000000    0.000000000    0.495035468
     0.000000000    0.000000000   -0.296661582    0.000000000    0.000000000
     0.000000000   -0.377478468    0.000000000    0.000000000   -0.402975369
     0.000000000    0.000000000    0.000000000   -0.495035468    0.000000000
     0.000000000    0.296661582    0.000000000    0.000000000    0.000000000
     0.377478468    0.000000000    0.000000000   -0.402975369
     0.000000000    0.000000000    0.000000000    0.000000000    0.000000000
     0.000000000   -0.176862306    0.000000000    0.000000000    0.638980467
     0.000000000    0.000000000    0.187506213    0.000000000    0.000000000
     0.000000000   -0.083877551    0.000000000    0.000000000    0.000000000
     0.000000000   -0.457278032    0.000000000    0.000000000    0.000000000
     0.000000000   -0.012239934    0.000000000    0.000000000    0.000000000
    -0.053223488   -0.352826356   -0.338320578   -0.284209898    0.000000000
    -0.247856077    0.142473488    0.000000000    0.521771826   -0.342335447
     0.467731104    0.000000000    0.419960883   -0.128377592    0.000000000
     0.352826356    0.338320578    0.284209898    0.000000000   -0.247856077
    -0.142473488    0.000000000    0.521771826    0.342335447   -0.467731104
     0.000000000    0.419960883    0.128377592    0.000000000
     0.000000000    0.000000000    0.000000000    0.000000000    0.000000000
     0.000000000   -0.072380473    0.000000000    0.000000000    0.399441836
     0.000000000    0.000000000   -0.552791347    0.000000000    0.000000000
     0.000000000   -0.062982934    0.000000000    0.000000000    0.000000000
     0.000000000    0.249589222    0.000000000    0.000000000    0.000000000
     0.000000000    0.162872745    0.000000000    0.000000000    0.000000000
     0.072549816   -0.004548936    0.035487599   -0.002497627    0.000000000
    -0.629368096   -0.473401040    0.000000000    0.635412254    0.286006401
    -0.221841540    0.000000000    0.144748531   -0.008729876    0.000000000
     0.004548936   -0.035487599    0.002497627    0.000000000   -0.629368096
     0.473401040    0.000000000    0.635412254   -0.286006401    0.221841540
     0.000000000    0.144748531    0.008729876    0.000000000
     0.003482977    0.019725270   -0.099911665   -0.457821887   -0.195030129
     0.000000000    0.000000000   -0.044143668    0.000000000    0.000000000
    -0.012137468    0.000000000    0.000000000   -0.250233591   -0.015139752
     0.000000000    0.000000000    0.010669700    0.000000000    0.270960739
     0.000000000    0.000000000    0.178608253    0.000000000   -0.178659257
     0.000000000    0.000000000   -0.054878119    0.000000000    0.000000000
     0.000000000    0.038358457    0.176790907    0.071621751    0.000000000
    -0.336702035   -0.635021366    0.000000000    0.104478600    0.694207251
     0.437202446    0.000000000   -0.224695096    0.078833355    0.000000000
     0.038358457    0.176790907    0.071621751    0.000000000    0.336702035
    -0.635021366    0.000000000   -0.104478600    0.694207251    0.437202446
     0.000000000    0.224695096    0.078833355    0.000000000
     0.000000000    0.000000000    0.000000000    0.000000000    0.000000000
     0.000000000    0.000000000    0.000000000    0.000000000    0.000000000
     0.000000000    0.000000000    0.000000000    0.000000000    0.000000000
     0.000000000    0.000000000    0.000000000    0.017152186    0.000000000
     0.000000000    0.000000000    0.000000000   -0.230279161    0.000000000
     0.000000000    0.000000000    0.000000000   -0.176773842    0.000000000
     0.000000000    0.000000000    0.000000000    0.000000000    0.686185860
     0.000000000    0.000000000   -0.427687491    0.000000000    0.000000000
     0.000000000    0.307363023    0.000000000    0.000000000    0.375643671
     0.000000000    0.000000000    0.000000000   -0.686185860    0.000000000
     0.000000000    0.427687491    0.000000000    0.000000000    0.000000000
    -0.307363023    0.000000000    0.000000000    0.375643671
     0.000000000    0.000000000    0.000000000    0.000000000    0.000000000
     0.148278532    0.000000000    0.000000000   -0.033385523    0.000000000
     0.000000000    0.449696643    0.000000000    0.000000000    0.000000000
    -0.031416488    0.000000000    0.000000000    0.000000000    0.000000000
    -0.000218362    0.000000000    0.000000000    0.000000000    0.000000000
     0.136224619    0.000000000    0.000000000    0.000000000   -0.157096628
     0.000000000    0.000000000    0.000000000    0.000000000    0.833881753
     0.000000000    0.000000000   -0.666765573    0.000000000    0.000000000
     0.000000000   -0.264724641    0.000000000    0.000000000    0.073824870
     0.000000000    0.000000000    0.000000000    0.833881753    0.000000000
     0.000000000   -0.666765573    0.000000000    0.000000000    0.000000000
    -0.264724641    0.000000000    0.000000000   -0.073824870
     0.000000000    0.000000000    0.000000000    0.000000000    0.000000000
     0.000000000    0.000000000    0.000000000    0.000000000    0.000000000
     0.000000000    0.000000000    0.000000000    0.000000000    0.000000000
     0.000000000    0.000000000    0.000000000   -0.096459698    0.000000000
     0.000000000    0.000000000    0.000000000    0.992658209    0.000000000
     0.000000000    0.000000000    0.000000000    0.070021346    0.000000000
     0.000000000    0.000000000    0.000000000    0.000000000    0.089745765
     0.000000000    0.000000000   -0.548144077    0.000000000    0.000000000
     0.000000000   -0.687781760    0.000000000    0.000000000    0.592967621
     0.000000000    0.000000000    0.000000000   -0.089745765    0.000000000
     0.000000000    0.548144077    0.000000000    0.000000000    0.000000000
     0.687781760    0.000000000    0.000000000    0.592967621
     0.025311988    0.118680412   -1.172868335    1.360663592   -0.656511568
     0.000000000    0.000000000    0.235883386    0.000000000    0.000000000
    -0.094781188    0.000000000    0.000000000    0.177919077    0.051119245
     0.000000000    0.000000000    0.110802685    0.000000000   -0.514449636
     0.000000000    0.000000000   -0.819054427    0.000000000   -0.050247601
     0.000000000    0.000000000   -0.228855817    0.000000000    0.000000000
     0.000000000   -0.191593165   -0.188619950    0.236251325    0.000000000
     0.421180838   -0.422749366    0.000000000   -0.437283197   -0.030657227
    -0.502808404    0.000000000   -0.298909336   -0.267800479    0.000000000
    -0.191593165   -0.188619950    0.236251325    0.000000000   -0.421180838
    -0.422749366    0.000000000    0.437283197   -0.030657227   -0.502808404
     0.000000000    0.298909336   -0.267800479    0.000000000
     0.000000000    0.000000000    0.000000000    0.000000000    0.000000000
    -0.136607889    0.000000000    0.000000000    1.109830266    0.000000000
     0.000000000    0.045690518    0.000000000    0.000000000    0.000000000
     0.078928367    0.000000000    0.000000000    0.000000000    0.000000000
    -0.815476345    0.000000000    0.000000000    0.000000000    0.000000000
    -0.145072474    0.000000000    0.000000000    0.000000000    0.150613906
     0.000000000    0.000000000    0.000000000    0.000000000   -0.080254176
     0.000000000    0.000000000   -0.471533390    0.000000000    0.000000000
     0.000000000   -0.450281753    0.000000000    0.000000000    0.758072155
     0.000000000    0.000000000    0.000000000   -0.080254176    0.000000000
     0.000000000   -0.471533390    0.000000000    0.000000000    0.000000000
    -0.450281753    0.000000000    0.000000000   -0.758072155
     0.000000000    0.000000000    0.000000000    0.000000000    0.000000000
     0.000000000    0.407933817    0.000000000    0.000000000   -0.648008186
     0.000000000    0.000000000    0.280743959    0.000000000    0.000000000
     0.000000000   -0.088326252    0.000000000    0.000000000    0.000000000
     0.000000000    0.724545100    0.000000000    0.000000000    0.000000000
     0.000000000    0.035391643    0.000000000    0.000000000    0.000000000
    -0.183862908    0.201227613    0.487311210   -0.166809434    0.000000000
    -0.018006848    0.593009497    0.000000000   -0.490051482   -0.488550985
    -0.504432417    0.000000000    0.389681743   -0.231017704    0.000000000
    -0.201227613   -0.487311210    0.166809434    0.000000000   -0.018006848
    -0.593009497    0.000000000   -0.490051482    0.488550985    0.504432417
     0.000000000    0.389681743    0.231017704    0.000000000
     0.000000000    0.000000000    0.000000000    0.000000000    0.000000000
     0.000000000   -0.451059670    0.000000000    0.000000000   -2.133673352
     0.000000000    0.000000000   -0.868550550    0.000000000    0.000000000
     0.000000000   -0.218304637    0.000000000    0.000000000    0.000000000
     0.000000000    1.092246618    0.000000000    0.000000000    0.000000000
     0.000000000   -0.178116084    0.000000000    0.000000000    0.000000000
     0.223898558   -0.072121096    3.012076838    0.320037043    0.000000000
    -0.169366919    0.269096056    0.000000000   -1.763889087    0.938422272
    -0.092487976    0.000000000   -0.654352567   -0.890197332    0.000000000
     0.072121096   -3.012076838   -0.320037043    0.000000000   -0.169366919
    -0.269096056    0.000000000   -1.763889087   -0.938422272    0.092487976
     0.000000000   -0.654352567    0.890197332    0.000000000
    -0.022524021   -0.087193249    0.677450040   -0.332354673    0.240940769
     0.000000000    0.000000000   -0.397065719    0.000000000    0.000000000
     1.042347066    0.000000000    0.000000000   -0.014399983    0.088120642
     0.000000000    0.000000000    0.035904008    0.000000000   -1.032570396
     0.000000000    0.000000000   -0.530733161    0.000000000   -0.298416093
     0.000000000    0.000000000    0.322026113    0.000000000    0.000000000
     0.000000000    0.130862544   -0.052603183   -0.093887268    0.000000000
    -0.412613963   -0.233743767    0.000000000   -0.008971605   -0.419758769
    -0.727916998    0.000000000    0.336541775   -0.026093674    0.000000000
     0.130862544   -0.052603183   -0.093887268    0.000000000    0.412613963
    -0.233743767    0.000000000    0.008971605   -0.419758769   -0.727916998
     0.000000000   -0.336541775   -0.026093674    0.000000000
     0.000000000    0.000000000    0.000000000    0.000000000    0.000000000
     0.000000000   -0.194855270    0.000000000    0.000000000    3.179094823
     0.000000000    0.000000000    0.611528433    0.000000000    0.000000000
     0.000000000    0.208259216    0.000000000    0.000000000    0.000000000
     0.000000000   -1.600224803    0.000000000    0.000000000    0.000000000
     0.000000000   -0.126505260    0.000000000    0.000000000    0.000000000
     0.318919118   -0.532231840   -2.422004980    0.054749250    0.000000000
     0.704661561   -0.465777894    0.000000000    0.680417994   -0.937307642
    -0.198442173    0.000000000    0.624864336   -0.137143255    0.000000000
     0.532231840    2.422004980   -0.054749250    0.000000000    0.704661561
     0.465777894    0.000000000    0.680417994    0.937307642    0.198442173
     0.000000000    0.624864336    0.137143255    0.000000000
    -0.042767498   -0.114257953   -0.439218153    5.482711951    3.095874373
     0.000000000    0.000000000   -0.205834932    0.000000000    0.000000000
    -2.852699180    0.000000000    0.000000000   -0.980409286   -0.038189672
     0.000000000    0.000000000    0.281647387    0.000000000    0.303498766
     0.000000000    0.000000000   -1.122969629    0.000000000    0.138841145
     0.000000000    0.000000000    0.067415669    0.000000000    0.000000000
     0.000000000   -0.144492352   -3.975351983   -0.161520726    0.000000000
     0.684711350   -0.488143215    0.000000000    1.636786375   -1.193546714
     0.040123263    0.000000000    0.920960012    0.610752832    0.000000000
    -0.144492352   -3.975351983   -0.161520726    0.000000000   -0.684711350
    -0.488143215    0.000000000   -1.636786375   -1.193546714    0.040123263
     0.000000000   -0.920960012    0.610752832    0.000000000
     0.000000000    0.000000000    0.000000000    0.000000000    0.000000000
    -0.018954906    0.000000000    0.000000000    0.106972097    0.000000000
     0.000000000   -0.028344933    0.000000000    0.000000000    0.000000000
    -0.166994143    0.000000000    0.000000000    0.000000000    0.000000000
    -0.103329515    0.000000000    0.000000000    0.000000000    0.000000000
     0.941246942    0.000000000    0.000000000    0.000000000    0.402147141
     0.000000000    0.000000000    0.000000000    0.000000000   -0.060691966
     0.000000000    0.000000000    0.002267466    0.000000000    0.000000000
     0.000000000    0.213542911    0.000000000    0.000000000    0.265845333
     0.000000000    0.000000000    0.000000000   -0.060691966    0.000000000
     0.000000000    0.002267466    0.000000000    0.000000000    0.000000000
     0.213542911    0.000000000    0.000000000   -0.265845333
    -0.004967860   -0.028584882    0.546498308   -1.307710637   -0.012091303
     0.000000000    0.000000000   -0.227255340    0.000000000    0.000000000
     1.375925201    0.000000000    0.000000000   -0.011843766   -0.437194857
     0.000000000    0.000000000    0.029949275    0.000000000   -0.732569427
     0.000000000    0.000000000   -0.137987912    0.000000000    0.777103607
     0.000000000    0.000000000   -0.443260441    0.000000000    0.000000000
     0.000000000    0.285048388    0.445571830   -0.079251222    0.000000000
    -0.577275606   -0.157581524    0.000000000   -0.204894680   -0.093555208
    -0.447120479    0.000000000    0.195279768   -0.419412060    0.000000000
     0.285048388    0.445571830   -0.079251222    0.000000000    0.577275606
    -0.157581524    0.000000000    0.204894680   -0.093555208   -0.447120479
     0.000000000   -0.195279768   -0.419412060    0.000000000
     0.000000000    0.000000000    0.000000000    0.000000000    0.000000000
     0.083024299    0.000000000    0.000000000   -0.507665251    0.000000000
     0.000000000    0.127988010    0.000000000    0.000000000    0.000000000
     0.965534217    0.000000000    0.000000000    0.000000000    0.000000000
    -0.223896765    0.000000000    0.000000000    0.000000000    0.000000000
    -0.077738376    0.000000000    0.000000000    0.000000000    0.622207858
     0.000000000    0.000000000    0.000000000    0.000000000    0.257532119
     0.000000000    0.000000000    0.004119216    0.000000000    0.000000000
     0.000000000    0.313294502    0.000000000    0.000000000   -0.246299891
     0.000000000    0.000000000    0.000000000    0.257532119    0.000000000
     0.000000000    0.004119216    0.000000000    0.000000000    0.000000000
     0.313294502    0.000000000    0.000000000    0.246299891
     0.000000000    0.000000000    0.000000000    0.000000000    0.000000000
     0.000000000    0.000000000    0.000000000    0.000000000    0.000000000
     0.000000000    0.000000000    0.000000000    0.000000000    0.000000000
     0.000000000    0.000000000    0.000000000    1.147322463    0.000000000
     0.000000000    0.000000000    0.000000000   -0.504331533    0.000000000
     0.000000000    0.000000000    0.000000000   -0.244052650    0.000000000
     0.000000000    0.000000000    0.000000000    0.000000000   -0.112168358
     0.000000000    0.000000000    0.111413121    0.000000000    0.000000000
     0.000000000   -0.080079045    0.000000000    0.000000000    0.186993462
     0.000000000    0.000000000    0.000000000    0.112168358    0.000000000
     0.000000000   -0.111413121    0.000000000    0.000000000    0.000000000
     0.080079045    0.000000000    0.000000000    0.186993462
     0.000000000    0.000000000    0.000000000    0.000000000    0.000000000
     0.000000000   -0.381107044    0.000000000    0.000000000    2.332585660
     0.000000000    0.000000000    0.264291929    0.000000000    0.000000000
     0.000000000    0.089365804    0.000000000    0.000000000    0.000000000
     0.000000000   -0.962179587    0.000000000    0.000000000    0.000000000
     0.000000000   -0.463578371    0.000000000    0.000000000    0.000000000
    -1.058556637   -0.627121430   -1.169841474    0.080555884    0.000000000
     0.304257796   -0.598282516    0.000000000    0.175792166   -0.478269680
    -0.510499792    0.000000000    0.146341801   -0.160979324    0.000000000
     0.627121430    1.169841474   -0.080555884    0.000000000    0.304257796
     0.598282516    0.000000000    0.175792166    0.478269680    0.510499792
     0.000000000    0.146341801    0.160979324    0.000000000
     0.000000000    0.000000000    0.000000000    0.000000000    0.000000000
     0.160081048    0.000000000    0.000000000   -0.955269928    0.000000000
     0.000000000   -0.150279148    0.000000000    0.000000000    0.000000000
    -0.676048268    0.000000000    0.000000000    0.000000000    0.000000000
     1.095357218    0.000000000    0.000000000    0.000000000    0.000000000
    -0.454850340    0.000000000    0.000000000    0.000000000    0.917593046
     0.000000000    0.000000000    0.000000000    0.000000000    0.372538348
     0.000000000    0.000000000    0.432541557    0.000000000    0.000000000
     0.000000000    0.322813221    0.000000000    0.000000000   -0.525066974
     0.000000000    0.000000000    0.000000000    0.372538348    0.000000000
     0.000000000    0.432541557    0.000000000    0.000000000    0.000000000
     0.322813221    0.000000000    0.000000000    0.525066974
     0.003304400    0.019866570   -0.420141856    1.075862451    0.853467079
     0.000000000    0.000000000    0.178831014    0.000000000    0.000000000
    -1.087743791    0.000000000    0.000000000   -0.497273843   -1.123283988
     0.000000000    0.000000000   -0.126210228    0.000000000    1.297843023
     0.000000000    0.000000000    0.038573633    0.000000000   -0.359068118
     0.000000000    0.000000000    0.302164143    0.000000000    0.000000000
     0.000000000   -0.184614112   -0.856303602   -0.032166114    0.000000000
     0.359694347    0.026007364    0.000000000    0.421643647    0.154249849
     0.183395681    0.000000000   -0.082247992    0.214461910    0.000000000
    -0.184614112   -0.856303602   -0.032166114    0.000000000   -0.359694347
     0.026007364    0.000000000   -0.421643647    0.154249849    0.183395681
     0.000000000    0.082247992    0.214461910    0.000000000
     0.000000000    0.000000000    0.000000000    0.000000000    0.000000000
     0.000000000    0.000000000    0.000000000    0.000000000    0.000000000
     0.000000000    0.000000000    0.000000000    0.000000000    0.000000000
     0.000000000    0.000000000    0.000000000    0.327657961    0.000000000
     0.000000000    0.000000000    0.000000000   -1.141661651    0.000000000
     0.000000000    0.000000000    0.000000000    1.253468733    0.000000000
     0.000000000    0.000000000    0.000000000    0.000000000    0.474496963
     0.000000000    0.000000000    0.349720139    0.000000000    0.000000000
     0.000000000    0.450756798    0.000000000    0.000000000   -0.524230616
     0.000000000    0.000000000    0.000000000   -0.474496963    0.000000000
     0.000000000   -0.349720139    0.000000000    0.000000000    0.000000000
    -0.450756798    0.000000000    0.000000000   -0.524230616
     0.024736707    0.066369152   -0.296668645   -0.759226592    0.772836973
     0.000000000    0.000000000    0.242517459    0.000000000    0.000000000
     0.127622298    0.000000000    0.000000000   -0.264818884   -0.088372756
     0.000000000    0.000000000    1.190276624    0.000000000    0.038626154
     0.000000000    0.000000000   -0.723874838    0.000000000    0.015007776
     0.000000000    0.000000000    0.155783556    0.000000000    0.000000000
     0.000000000   -0.152387459    0.068435311   -0.137135203    0.000000000
    -0.181748109    0.110879465    0.000000000   -0.140782318    0.069970753
    -0.001285205    0.000000000   -0.366630453   -0.153123916    0.000000000
    -0.152387459    0.068435311   -0.137135203    0.000000000    0.181748109
     0.110879465    0.000000000    0.140782318    0.069970753   -0.001285205
     0.000000000    0.366630453   -0.153123916    0.000000000
     0.000000000    0.000000000    0.000000000    0.000000000    0.000000000
     0.000000000    0.252771630    0.000000000    0.000000000    1.323755324
     0.000000000    0.000000000   -0.155186710    0.000000000    0.000000000
     0.000000000   -1.246636270    0.000000000    0.000000000    0.000000000
     0.000000000    0.166344551    0.000000000    0.000000000    0.000000000
     0.000000000    0.117613100    0.000000000    0.000000000    0.000000000
    -0.087449611    0.038055584   -1.203835689    0.166354624    0.000000000
     0.391189099   -0.343239649    0.000000000    0.620793335   -0.382975314
    -0.023588802    0.000000000    0.449408724    0.405450044    0.000000000
    -0.038055584    1.203835689   -0.166354624    0.000000000    0.391189099
     0.343239649    0.000000000    0.620793335    0.382975314    0.023588802
     0.000000000    0.449408724   -0.405450044    0.000000000
     0.000000000    0.000000000    0.000000000    0.000000000    0.000000000
     0.000000000   -0.373174574    0.000000000    0.000000000    2.643010053
     0.000000000    0.000000000    0.464752353    0.000000000    0.000000000
     0.000000000    0.178788229    0.000000000    0.000000000    0.000000000
     0.000000000   -2.079087838    0.000000000    0.000000000    0.000000000
     0.000000000    1.314307609    0.000000000    0.000000000    0.000000000
    -0.322671670   -1.039807994   -1.875659663    0.038279020    0.000000000
     0.927147303   -0.362531532    0.000000000    0.665619873   -0.414875929
     0.340696203    0.000000000    0.104474539    0.240198878    0.000000000
     1.039807994    1.875659663   -0.038279020    0.000000000    0.927147303
     0.362531532    0.000000000    0.665619873    0.414875929   -0.340696203
     0.000000000    0.104474539   -0.240198878    0.000000000
     0.005762834    0.055418207   -1.690725896    5.330316457    1.354292963
     0.000000000    0.000000000    0.174751024    0.000000000    0.000000000
    -2.281506792    0.000000000    0.000000000   -0.428728193    0.117483375
     0.000000000    0.000000000   -0.091650198    0.000000000   -0.387674197
     0.000000000    0.000000000   -1.501809695    0.000000000    0.842341365
     0.000000000    0.000000000    1.219064250    0.000000000    0.000000000
     0.000000000   -0.946366978   -2.450056301    0.027231129    0.000000000
     0.726490818   -0.917781286    0.000000000    0.751850902   -0.754163286
    -0.287405138    0.000000000    0.434821298    0.042241060    0.000000000
    -0.946366978   -2.450056301    0.027231129    0.000000000   -0.726490818
    -0.917781286    0.000000000   -0.751850902   -0.754163286   -0.287405138
     0.000000000   -0.434821298    0.042241060    0.000000000
    -1.392199432    1.709702086   -1.577922352    1.486577673   -0.538248912
     0.000000000    0.000000000    0.068377479    0.000000000    0.000000000
    -0.130247472    0.000000000    0.000000000    0.026428110   -0.004352733
     0.000000000    0.000000000    0.036795832    0.000000000    0.011463651
     0.000000000    0.000000000   -0.066963932    0.000000000    0.005288684
     0.000000000    0.000000000    0.018537158    0.000000000    0.000000000
     0.000000000   -0.061923326   -0.083657868    0.089740507    0.000000000
    -0.000093792    0.004739788    0.000000000    0.037930284   -0.034266370
     0.005472734    0.000000000   -0.068567137   -0.036643721    0.000000000
    -0.061923326   -0.083657868    0.089740507    0.000000000    0.000093792
     0.004739788    0.000000000   -0.037930284   -0.034266370    0.005472734
     0.000000000    0.068567137   -0.036643721    0.000000000
