 Water DF-BP86-D3(PCM)/def2-TZVPP                                               
 NOs in the AO basis:
 -------------------------------------------------------------------------------
     0.331489928    0.442446426    0.204378768    0.200708369    0.138843895
     0.000000000    0.012138966    0.081757862    0.000000000    0.008380682
     0.064383690    0.000000000    0.003630637    0.058613020   -0.000990093
     0.000000000   -0.000343900   -0.001451603    0.000000000   -0.003081628
     0.000000000   -0.000323937   -0.002349251    0.000000000    0.000217206
     0.000000000   -0.000029593   -0.000158768    0.000000000    0.000000000
    -0.000059888    0.017155035   -0.000719206   -0.008814156    0.000000000
    -0.002201266    0.003997591    0.000000000    0.000383168    0.008197849
     0.000861807    0.000000000   -0.000826027    0.000206526    0.000000000
     0.007830590   -0.014044842   -0.012843742    0.000000000    0.001572921
     0.003126221    0.000000000   -0.001175417    0.006929714    0.000714505
     0.000000000    0.000454036    0.000369159    0.000000000
    -0.229317389   -0.386267398    0.186053162    0.288397914    0.259275942
     0.000000000   -0.000813799    0.348069822    0.000000000   -0.000561843
     0.253777351    0.000000000   -0.000243399    0.190937131   -0.004744029
     0.000000000    0.000023055    0.000824352    0.000000000   -0.012263483
     0.000000000    0.000021717   -0.002943668    0.000000000    0.000714211
     0.000000000    0.000001984   -0.001214614    0.000000000    0.000000000
     0.000004015   -0.055903966   -0.109577911   -0.036363850    0.000000000
     0.005875699    0.003242579    0.000000000    0.016859656    0.015432368
     0.002810680    0.000000000   -0.000592876    0.002645223    0.000000000
    -0.055278853   -0.108684557   -0.036093706    0.000000000   -0.005833575
     0.003300996    0.000000000   -0.016806543    0.015517384    0.002820555
     0.000000000    0.000617815    0.002634320    0.000000000
    -0.195291597   -0.349667555    0.244953342    0.294502047    0.040827371
     0.000000000   -0.013214512   -0.230319229    0.000000000   -0.009123234
    -0.165888269    0.000000000   -0.003952322   -0.085801025    0.003340281
     0.000000000    0.000374370   -0.004013494    0.000000000    0.008603782
     0.000000000    0.000352639   -0.005112761    0.000000000   -0.000562177
     0.000000000    0.000032215    0.001155159    0.000000000    0.000000000
     0.000065195    0.110703144    0.119810070    0.019442327    0.000000000
    -0.014374008    0.006823646    0.000000000   -0.018605250   -0.000737467
    -0.001167405    0.000000000   -0.003705082   -0.004139283    0.000000000
     0.120853761    0.134316394    0.023828945    0.000000000    0.015058025
     0.007772221    0.000000000    0.019467694    0.000643027   -0.001007052
     0.000000000    0.004110033   -0.004316327    0.000000000
     0.017472784    0.026515351   -0.002334599   -0.004348116    0.002405370
     0.000000000   -0.388675696    0.009655230    0.000000000   -0.268339778
     0.007119458    0.000000000   -0.116248828    0.004347932   -0.000134555
     0.000000000    0.011011268    0.000089392    0.000000000   -0.000363086
     0.000000000    0.010372090    0.000106620    0.000000000    0.000024402
     0.000000000    0.000947546   -0.000041689    0.000000000    0.000000000
     0.001917560   -0.152708758   -0.217657809   -0.065509277    0.000000000
     0.010488562   -0.014093859    0.000000000    0.013319749   -0.020096667
    -0.002302541    0.000000000    0.006069497    0.002750872    0.000000000
     0.145849231    0.209013698    0.063513404    0.000000000    0.009630298
     0.013806404    0.000000000    0.012047126    0.020507534    0.002413910
     0.000000000    0.005841235   -0.002456466    0.000000000
     0.000000000    0.000000000    0.000000000    0.000000000    0.000000000
    -0.475448520    0.000000000    0.000000000   -0.370428681    0.000000000
     0.000000000   -0.326148033    0.000000000    0.000000000    0.000000000
     0.005189864    0.000000000    0.000000000    0.000000000    0.000000000
     0.017003826    0.000000000    0.000000000    0.000000000    0.000000000
    -0.001306776    0.000000000    0.000000000    0.000000000    0.003134034
     0.000000000    0.000000000    0.000000000    0.000000000   -0.011139455
     0.000000000    0.000000000   -0.033121096    0.000000000    0.000000000
     0.000000000   -0.003318894    0.000000000    0.000000000    0.005031108
     0.000000000    0.000000000    0.000000000   -0.011139455    0.000000000
     0.000000000   -0.033121096    0.000000000    0.000000000    0.000000000
    -0.003318894    0.000000000    0.000000000   -0.005031108
     0.024842569   -0.064955791    0.133176182    0.168058411    0.331537275
    -0.000475674    0.398428359   -0.112955008   -0.012729684   -1.692784993
     0.119856507    0.007493955   -0.984126017    0.810338402    0.170110432
    -0.001920008    0.040048242    0.064570209   -0.001469426   -0.868025631
     0.007814483    0.424136336   -0.539176472   -0.005294585    0.176381137
    -0.002549257    0.060184612    0.102473258    0.006920349   -0.001761505
     0.032568866   -0.280428276    1.855141684    1.135059061    0.008941465
     0.172846058    0.144977918   -0.004017248   -1.640428904   -0.120699864
    -0.274922472    0.004676152   -0.045906938   -0.180733691   -0.009387201
    -0.277829671   -0.901140008   -2.059675099   -0.015273576    0.060961335
    -0.230008362    0.020263598   -1.115261025   -1.430552040   -0.398448775
    -0.014491719   -0.331404427    0.078950335   -0.000141775
     0.087254623    0.035965549   -1.594329081    4.360198232   -6.551191158
    -0.002800194   -0.076976960   -0.034792431    0.002842830   -0.036766338
    -0.405536796    0.001100613   -0.740381629    1.806411444    0.048752982
    -0.000019332   -0.038644639   -0.138755207    0.000256463   -0.088558125
    -0.000568423    0.190259049    0.022369555   -0.001251685    0.111781046
    -0.000133563   -0.028023765    0.252455800    0.000073051   -0.000615245
     0.012849390   -0.387329874    1.382765932    2.193542836   -0.000572795
     0.278569619   -0.296853600    0.000626527   -0.533274314    0.387448316
    -0.028270586   -0.000297470    0.122403056    0.136331061    0.000689221
    -0.616448407    0.978475728    0.757659321    0.000512464   -0.338191863
    -0.224988101   -0.001908733    0.243656135   -0.041052557   -0.023601525
    -0.002456790   -0.172120169    0.161934571   -0.000004088
    -0.011710378    0.001381712    0.042312658    0.021571037   -0.022737359
     0.520024420   -0.010443590    0.014121774   -1.065644981    0.011279649
    -0.045303791    1.653824552    0.054247076    0.037077731    0.001848180
     0.112807752    0.004531801   -0.005766979    0.034836970    0.003803679
    -0.320107331   -0.029771247    0.025198737   -0.238305301   -0.009971335
    -0.031939025    0.000074292   -0.015806019    0.108334392   -0.005340844
    -0.013876028   -0.002345197   -0.017671190   -0.008971992    0.433425840
     0.020165802    0.015284566   -0.680431505   -0.022992025   -0.041906764
    -0.002152051    0.011980134    0.012566148   -0.003337146   -0.173202021
     0.050254048   -0.046896947    0.047007142    0.409110204    0.025530957
     0.035141042   -1.054623907   -0.063793313   -0.025354852    0.021679705
    -0.115119360    0.001771584    0.017156172   -0.078355150
    -0.031158430    0.031553757    0.135901260   -0.034484524    0.023346984
     0.639778449   -0.003911579    0.026549989   -0.635915191   -0.063303670
     0.259115324   -0.408456015   -0.237330667   -0.482177330   -0.065055264
     0.002469553    0.023030235   -0.001782162   -0.026429916    0.218108108
     0.332526418   -0.081606407    0.282032648    0.100463570   -0.089531981
    -0.093579940    0.110649321   -0.189676815    0.035727698    0.203213507
     0.007725965    0.069695865    0.241604536    0.124473637    0.353018561
    -0.319489963    0.215893132   -0.146053551    0.262285947    0.139927591
     0.141465794    0.173115949    0.051780557    0.236599138   -0.367970769
     0.197278406    0.112973949   -0.609082250   -0.039703264    0.294458763
    -0.012276587    0.354064121   -0.428068147    0.159841426    0.067185784
     0.292953563   -0.149100667   -0.116167767    0.321419958
    -0.066353568   -0.127884796    0.806248711    0.962088980   -0.345273717
    -0.013008685    0.611703308   -0.036568129   -0.047262212   -1.093130534
    -0.461057868   -0.040346288    0.866841081    0.600848350    0.070787896
    -0.014967775   -0.029644270   -0.136970681   -0.011856125   -0.187039442
     0.067498665    0.267998427    0.353631673   -0.007369025   -0.108989377
    -0.011249674   -0.085769315   -0.240560513    0.033442401    0.000381591
    -0.000653624    0.246815815    0.303944568   -1.094689547    0.035137750
    -0.244347368    0.429757915    0.008053038    0.393801202   -0.930057879
    -0.000137946    0.032052526    0.344253879    0.112956680   -0.055124299
     0.218636079   -0.927132574    1.256747994   -0.108137591    0.239400489
     0.317551337    0.179458112   -0.968248102   -0.808833376    0.101782210
    -0.042924750   -0.281976347    0.171920801    0.003401892
    -0.076857681    0.054379489    0.260614482   -0.381418961    0.187260507
     0.046511594   -0.223506865    0.844621477   -0.072159033    0.324130464
    -1.299256621   -0.051705611    0.084511800    0.758992843    0.001189863
    -0.008222461    0.082153001    0.008573275   -0.008558583    0.004678199
     0.054816440   -0.250543127    0.192473755   -0.001028488   -0.053811322
    -0.009627781    0.043659162   -0.191934489    0.024739241    0.010207783
     0.000840832    0.657383861   -1.308745529    0.781850461    0.040400574
    -0.063434027   -0.004766153   -0.005624682    0.208921549    0.104992025
     0.149971517    0.031110694   -0.132887379   -0.105666924   -0.056093866
     0.204152048    0.288485019   -0.292831660   -0.070870917    0.235261659
     0.249261991    0.122930861   -0.028594363   -0.215446625    0.068189777
    -0.003111061   -0.058788995   -0.123448180    0.012547782
     0.045292568   -0.030574210   -0.059672089    0.109702617   -0.083875031
    -0.005021511    0.107775890    0.019401632    0.020409211   -0.020544481
    -0.003275038   -0.015746530   -0.002735364    0.108267836    0.244246401
    -0.010877428   -0.093245405   -0.022178432    0.000018566   -0.857948740
     0.010713353   -0.102030580   -0.447254906   -0.023552753    0.059649943
     0.006117639    0.305000352   -0.271985015    0.029260558   -0.014098419
    -0.157168412   -0.093122742    0.078123470   -0.110225986    0.044527446
     0.066715206   -0.054066822   -0.008681885   -0.006609530    0.001790860
    -0.247357304   -0.005160446    0.206791837   -0.082136108   -0.033128931
    -0.046745842    0.062646176    0.034293533   -0.005150378   -0.052303263
     0.264145548   -0.005470555    0.139663330   -0.095475271   -0.266082520
     0.018995698    0.082959007    0.027197117   -0.063574129
     0.050052898    0.011430475   -0.096446082   -0.059266231    0.130808911
    -0.104869845   -0.060186823    0.039340946    0.008133711    0.074713617
     0.036137491    0.138211336    0.005362085   -0.051003984   -0.019511881
    -0.045745770    0.078142432    0.044657796   -0.130783779   -0.027622827
     0.102921753    0.052454401   -0.160852776    0.847092660    0.004932289
    -0.085946606   -0.010776984   -0.010183610   -0.346254258   -0.017618339
     0.005146180   -0.129151547   -0.028401450    0.014949395    0.371574374
    -0.192043874    0.009790467   -0.890617055   -0.118446621    0.120290563
    -0.082887579   -0.424138605   -0.126434994    0.057869806    0.377383243
     0.045652750   -0.080980765    0.199757886    0.239888496   -0.110495644
    -0.015188857    0.696567005   -0.141052247   -0.046868427   -0.214259478
    -0.027975876   -0.270652505    0.059601341    0.474349349
     0.053804684    0.031934605   -0.101684841    0.111776867   -0.194266770
    -0.120336321    0.053941506   -0.214468429    0.201073001   -0.175793866
    -0.278907295    0.045668186    0.034049874    0.511321371    0.031455433
     0.013527721   -0.238220752   -0.036427025   -0.044355025    0.337524619
    -0.070193570   -0.220952238    0.120256671    0.202368907   -0.169609304
    -0.000283918    0.261058449   -0.018560408   -0.027733498   -0.036820965
     0.038056767    0.176458102   -0.021464290    0.133712328    0.174320771
     0.249195239   -0.027459074   -0.414913958    0.236857780    0.213832968
     0.352318671   -0.117720520    0.394577812    0.682834826    0.047971551
     0.163739686    0.089791798    0.156286160   -0.066887880    0.083905473
    -0.069729698    0.157405792    0.157182625   -0.156302365    0.128640849
     0.017372806    0.315390752    0.058568800    0.008697860
     0.044728118   -0.013292893   -0.055723685    0.090117245    0.002936516
     0.025985295    0.101851929   -0.065806177   -0.066563931    0.045572819
     0.100685283   -0.013528942   -0.135022106    0.121421430   -0.230209482
    -0.005651637    0.077735688    0.002011892    0.014128001    0.116485738
     0.053360705   -0.651148890   -0.014097670   -0.096266168    0.078456435
    -0.021963933   -0.172570036    0.132097130    0.026047710   -0.028795611
     0.133859427   -0.136476419    0.070110589   -0.135504997   -0.019357952
     0.093992339    0.238513703    0.115164594    0.134919644    0.033291487
    -0.508038381    0.029728182    0.258618086   -0.191028052   -0.039857980
     0.029756478    0.092279698    0.025022670   -0.013787762    0.143125942
     0.042916876    0.010603242    0.005213344    0.002232558   -0.300313146
    -0.140190010   -0.047807620   -0.020524396    0.039994841
    -0.028700683    0.034464894   -0.076114105   -0.119999246   -0.106267338
    -0.163465444   -0.000575648    0.028939071   -0.516578362    0.027731727
    -0.013771312    0.051398469   -0.325522067   -0.054355952    0.053850611
    -0.010501604   -0.126966037    0.039460554    0.009449623    0.146186678
     0.486147606    0.243111286   -0.241668772   -0.096620378   -0.065017500
    -0.079298771    0.029012760    0.045170964    0.072416740    0.243177490
     0.002844598    0.467505439   -0.061040513   -0.030046420    0.217991800
     0.359450048    0.218923153    0.217543382   -0.529187387   -0.019727408
     0.003623082    0.420543302   -0.218284841   -0.072572650   -0.425129061
    -0.481802429    0.064022309    0.162392675   -0.037905539    0.009365042
    -0.357702674    0.322471679   -0.168358889    0.248936240    0.221923425
     0.291837620   -0.010889452    0.186404025    0.353994362
     0.190705632   -0.212301198   -0.266951575    1.176332396   -1.339249819
    -0.013381310    0.090810871    0.210130307    0.033456368    0.281235787
    -0.647881412    0.006019847    0.274390749    0.824931107    0.084883794
     0.004049245    0.073489055   -0.061178388    0.004982356   -0.236113412
    -0.014624649   -0.192402685   -0.166391084   -0.017310722    0.108658790
     0.000480555    0.174367519    0.162796428    0.001500858   -0.003313447
    -0.005323427   -0.566396729    0.623125900   -1.085357537   -0.002232477
     0.273045453   -0.094942409   -0.001858624    0.209158290   -0.324880359
     0.026149607   -0.000097695    0.136229882    0.171635352    0.001783202
     0.565858267   -0.126524817    1.095296107    0.015896278   -0.370567073
    -0.595177423   -0.052883601    0.826077999    0.431717549   -0.084223434
    -0.006800440   -0.244074582   -0.035500987   -0.001412008
     0.015523245   -0.010351675   -0.038583205    0.017044188   -0.002219866
    -0.089231287    0.003219772    0.040295803    0.076361173   -0.000305626
    -0.014089903   -0.073304473   -0.013372750   -0.025237608   -0.132841886
     0.229835640   -0.103833358   -0.126332496   -0.146584428    0.091575549
    -0.752147012    0.004447059    0.043426432   -0.124271543    0.025309889
     0.038634871    0.070723373    0.006557805    0.156380028    0.113356136
     0.100793280   -0.009177700    0.029531656   -0.046051183   -0.023042222
    -0.012381809   -0.054605879    0.025499484   -0.007519553    0.028703131
     0.019804200    0.368317596   -0.072103026    0.048342616   -0.365576961
    -0.001153261    0.004809332   -0.002108602    0.344320343    0.025914494
     0.016340444   -0.131087282   -0.008647473    0.020621482   -0.087095619
    -0.174429778    0.036809428    0.020350704   -0.466749247
    -0.011118475    0.018909771    0.034259703   -0.029954824   -0.067919583
    -0.028480712   -0.121355386    0.049436158   -0.177342938    0.112113795
    -0.072001772   -0.005055448   -0.017298990    0.193367124    0.028436743
     0.002778388    0.107839632   -0.017442683    0.063302638   -0.215578568
     0.082060728    0.116696376    0.029430694   -0.446727975   -0.027404907
    -0.008521229   -0.156986642   -0.039586196    0.191425222    0.077973599
    -0.065780378    0.073120316   -0.065799206    0.027527923   -0.170770257
    -0.233268411    0.015798679    0.588543609   -0.141572424   -0.052374053
    -0.346346955    0.224701346   -0.011296606    0.403838579   -0.285658640
     0.007017102   -0.083645035    0.339096143   -0.168079009   -0.588157294
    -0.042296950   -0.169998562    0.066689503   -0.150903653    0.030836832
    -0.034941628   -0.077944747   -0.302578209   -0.147229952
     0.142090993   -0.039102427   -0.287984031    0.226624791   -0.217664984
    -0.318099434    0.097215252   -0.331656111    0.334089395   -0.108883255
     0.151671841    0.118937742   -0.103141743    0.280816065   -0.030453545
     0.077060354   -0.126938009   -0.284923023   -0.034223206    0.051609259
    -0.123106654    0.420844524    0.608057493    0.166390599    0.060457993
     0.040493628   -0.143783609    0.014205688    0.044564464    0.046029446
    -0.049985575    0.246766374    0.403575215    0.063456111    0.225574883
     0.124863595   -0.144683498   -0.475934328   -0.113553699    0.254502562
    -0.036723698   -0.043330642    0.108734831   -0.126307263   -0.134532764
     0.018426058    0.230552946   -0.331247708   -0.152298879   -0.002501913
     0.204132115   -0.006367324   -0.342403291    0.072379664    0.075523681
     0.408043112   -0.253337589   -0.150466314   -0.105842522
    -0.087091241    0.000173193    0.196703620   -0.011050345   -0.098696467
    -0.028925155   -0.189910791   -0.005118621    0.282203915    0.087012725
    -0.012100870   -0.024385941    0.005177869    0.116467082    0.108203494
     0.024852230    0.237458912   -0.076097717   -0.056604302   -0.230731088
    -0.121883010   -0.193437457    0.290267796    0.427011284   -0.092317629
     0.041024149   -0.170758684   -0.100075793   -0.161586447   -0.074775000
    -0.096696170    0.162100303   -0.000354669    0.036043191    0.128298509
    -0.006932295   -0.047726111   -0.553728495    0.163931922   -0.198139021
    -0.359822820   -0.239007250   -0.405609639   -0.144011339    0.196240991
     0.183173291   -0.047236035   -0.001622683    0.174930121   -0.264031823
    -0.276545942    0.033154307    0.028618770   -0.023487182    0.100177430
     0.236879812    0.188104395    0.275453643    0.028182817
     0.011262428   -0.046961880    0.000904002    0.083817880   -0.367332944
    -0.025620227    0.163374271    0.161040175    0.198060919   -0.012171440
     0.010036489   -0.026376074    0.097105274    0.115424582   -0.126771865
     0.037268033   -0.044785258    0.195415596   -0.020127809    0.424380617
    -0.180779663    0.337462531   -0.675805773    0.294033787   -0.126688320
     0.037474747   -0.366530428    0.131603595   -0.147486743    0.084713998
    -0.114031187    0.137911439    0.043182371   -0.084322130    0.025884667
    -0.017583935   -0.077793593   -0.274162333   -0.211865975   -0.041122414
    -0.405026319   -0.122508194    0.005989395   -0.022395620    0.196727094
    -0.027499990    0.031266981    0.086291775    0.189268598   -0.430593471
     0.318807276   -0.135763880    0.161766218   -0.094434891    0.075047571
     0.348660669    0.390346448    0.078802819    0.039491649
    -0.212391896    0.034044729    0.366554481   -0.154155385    0.104968577
    -0.279858724    0.095925729    0.161408355   -0.043636469   -0.075348111
     0.026911651    0.176087425   -0.079502305   -0.373740082   -0.022831372
    -0.004298095   -0.130583040   -0.006305462   -0.057143717   -0.259559850
     0.121571423    0.057423736   -0.196933206    0.337399929    0.214878135
    -0.039820546    0.131191796    0.124706507   -0.099296161    0.079739027
     0.052404232   -0.017582530   -0.204944332    0.000577058    0.171956385
     0.091529442   -0.141651823   -0.277381503    0.076341431   -0.141580115
     0.013493267   -0.119079055    0.285559009    0.040589742    0.022029245
    -0.283400084   -0.059422607   -0.196278455    0.006042189   -0.021296956
    -0.314299403    0.403375354    0.170966517    0.278809484   -0.206205077
     0.157856585    0.240428051   -0.738667358    0.177295693
    -0.020756824    0.014487754    0.057665127   -0.022217992    0.026177308
     0.005763007    0.011258537   -0.053164710    0.058775672   -0.036643493
     0.055277903    0.094402611    0.018615393    0.002304993   -0.029926350
     0.192493189    0.098111048   -0.403838678   -0.098600545    0.071351002
     0.296183205    0.103947890    0.118048900    0.326373671   -0.012664260
     0.046707100    0.141564184   -0.068535994   -0.225374564    0.045569626
     0.009220916    0.002892734   -0.006152921    0.050999327   -0.568726075
    -0.010916028    0.128452437   -0.196364691    0.049991093   -0.019137035
    -0.130537687    0.189215617    0.079317822    0.007862029    0.012243449
     0.018326896   -0.032853187   -0.026893540    0.429536260    0.002572712
    -0.071422546   -0.064661676   -0.021605952   -0.019442203    0.075316039
    -0.012582791   -0.060533108   -0.097321738    0.073793883
    -0.022389302   -0.005895820    0.097057716   -0.070077769    0.059507917
    -0.063307320    0.065036273    0.047298466   -0.136960018   -0.170995668
     0.005253074   -0.100375435    0.149444061   -0.142753671   -0.072533176
    -0.079907093   -0.462087016    0.030557680    0.000463593    0.108372972
     0.312532708    0.059120670    0.033844215   -0.029668129    0.112162601
    -0.105622162    0.223507466   -0.007981457    0.039532092    0.098980590
    -0.049415287   -0.270207051   -0.076877780    0.240048601   -0.005877310
    -0.045769941    0.202100739    0.308789043    0.114445894    0.168042204
     0.127419215   -0.163440808    0.109623143   -0.334752912   -0.377820821
     0.340889692   -0.208092091    0.020092160    0.168497911   -0.170830925
    -0.216848701   -0.006291581   -0.087864995   -0.158457730    0.032249413
     0.111531100    0.049911275   -0.046541942    0.040846067
    -0.006209399    0.023337234   -0.274687383    1.087798009    0.110924578
    -0.003240005   -0.279397716   -0.092309503   -0.000400803    6.619515525
    -0.175219734    0.003162531    2.733542662    0.080521451    0.042057246
     0.000018786    0.018587435   -0.007179114   -0.000167012   -0.193653125
     0.000785432   -3.078110262   -0.202004294   -0.000159264    0.054147089
    -0.000194993    0.425523473    0.052818858    0.000632935    0.000252702
    -0.318592956   -0.480000171   -7.632352261   -0.653296989    0.001259895
     0.874000247   -0.568768057   -0.001015729    3.299267452   -2.997883808
    -0.109973133    0.000569501    0.950793849    0.650163256   -0.001151947
     0.288627701    7.125310113    0.421792262   -0.001406184    0.764459152
     0.516362534    0.001736693    2.968927516    2.258948743   -0.059784138
    -0.000216687    0.729998771   -0.588028694    0.000046850
     0.226499291   -0.096901876   -0.410640481    0.056413616   -0.211544251
    -0.186371481    0.293265454    0.514266646    0.606773554   -0.127778724
    -0.188752218   -0.045557108   -0.303591121   -0.231068764   -0.058384458
     0.011852225   -0.125985370   -0.116298168    0.047556705    0.435220090
    -0.180577417    0.372528704    0.485343129   -0.335283015   -0.174632093
    -0.029484923   -0.090410652   -0.043723006    0.111248919   -0.167866305
     0.066376151    0.421876618    0.196465666    0.371786104    0.052411527
     0.288506385    0.316851963   -0.123737095   -0.053265641   -0.115566147
     0.180825932   -0.024854976    0.057921959    0.020779045    0.006911874
    -0.065336463    0.302161951   -0.387992095   -0.016043377   -0.291023344
     0.101253611   -0.470554255   -0.046121404    0.448115662    0.187868509
    -0.539772159    0.339485466   -0.030546262   -0.062281263
     0.010419020   -0.019097292   -0.028176001    0.035105050    0.094786372
     0.044564621    0.142845738    0.094148825   -0.214250929   -0.148630844
     0.124357157    0.058238552    0.042475397   -0.300931510   -0.147596680
    -0.039560259   -0.146460445    0.242426006   -0.004856923    0.035482493
     0.294496374    0.336644542   -0.342176403   -0.341764737   -0.087677555
    -0.001098717    0.087184004    0.135344702    0.279350892   -0.128798955
     0.001207483    0.027679545   -0.028720935   -0.027162696    0.005980433
     0.071201681   -0.129110584    0.229350378    0.125511850    0.230121269
    -0.253378829    0.076809619   -0.227543318    0.236306855   -0.382104645
    -0.036590325    0.023048431   -0.160295237   -0.405575849    0.362384745
    -0.215373950    0.264343768   -0.206943729    0.071701400   -0.366971738
    -0.279697256    0.201952417    0.000791292   -0.336028696
    -0.122444641    0.063487058    0.481300708   -0.173826694   -0.127801618
    -0.409075562   -0.211216800   -0.147311568    0.404481604   -0.176507497
     0.181753194    0.233422676   -0.422053439   -0.280471782   -0.096039689
     0.020064312    0.057481222   -0.062749841    0.019455996    0.588470009
    -0.208342763    0.198229713    0.746923678    0.026834885   -0.324942188
     0.063195471   -0.019786314   -0.392492274   -0.079412853   -0.060080488
     0.120280252    0.585637274    0.410954757    0.078328126   -0.209999380
    -0.594041768    0.595465141    0.061180524    0.454639395    0.207271491
     0.346448232   -0.114547858   -0.021768466    0.292444737    0.241169899
     0.176851477    0.291935242   -1.004582478    0.145066566    0.113663664
     0.174201749   -0.307807262   -0.527256952    0.037936573    0.178979519
     0.025524600   -0.192911972    0.395739111   -0.133051438
    -0.179215274    0.052530132    0.376035607    0.048371098    0.068482025
    -0.498975155   -0.153094949   -0.121315224    1.326175402    0.101103209
     0.113623489   -0.054407921    0.075558135   -0.094328434    0.046822896
     0.082197552    0.122696047    0.026551981    0.061261753   -0.334914025
    -0.429580519   -0.390778683   -0.417933244   -0.494622082    0.172960747
    -0.002824827    0.061175195    0.111541891    0.249096293   -0.255355470
    -0.067748470   -0.302116385   -0.110663600   -0.146216853    0.250345215
    -0.035095189   -0.502466548   -0.560560353   -0.089219247    0.271196801
    -0.134930141   -0.040871979    0.050233323   -0.078092091   -0.108655857
    -0.013264953   -0.101356288    0.051930329   -0.151516928    0.147837224
    -0.093770248   -0.885670364   -0.121193714   -0.413384233   -0.144602367
    -0.583704385   -0.318382165    0.026077623   -0.245823644
     0.073606682   -0.047995338   -0.172151312    0.077440854   -0.060331079
     0.074653575   -0.032468967    0.163418790    0.020401505    0.044543210
    -0.153434017   -0.010034326   -0.073034417    0.016988662   -0.057749215
     0.042926221   -0.160008483   -0.498723292   -0.016745543    0.283938313
     0.169752141   -0.231648842    0.281405084   -0.012361733   -0.037948591
    -0.020324621    0.067495495   -0.031702580    0.122311790    0.104620768
     0.166455546   -0.078322860    0.135389189   -0.236741083    0.106528326
    -0.146282333   -0.123909654   -0.102656070   -0.114928044    0.050884163
     0.279021985   -0.193573648   -0.094848235    0.026632739   -0.136536282
    -0.024665280    0.018755512    0.101572900   -0.293404060   -0.117348984
     0.154359233    0.159842458    0.085885111    0.033550238   -0.297951337
     0.028819048    0.210915456    0.217012226   -0.229568396
    -0.015682950    0.018050977   -0.028642075   -0.096119656    0.280634152
     0.080110346    0.591787289   -0.033699128   -0.140630052   -1.040424812
     0.009790192    0.040025283   -0.689114668    0.122613374    0.029242806
    -0.008016669   -0.135855197    0.023376312   -0.009230955   -0.105696297
     0.043734932    0.774336194   -0.094327222   -0.025131337    0.064973436
    -0.014674242   -0.121126549    0.062318962    0.040914425   -0.002435107
     0.263000188    0.598825436    0.065468083   -0.291279478    0.068146163
    -0.699207048   -0.009186506   -0.042467553    1.249435267    0.329648772
     0.145907936    0.032259342   -0.052895543    0.272987505   -0.068008430
    -1.035724926    0.554497981   -0.216926825   -0.076971574   -0.753305470
    -0.030485326    0.103059410    1.324006261   -0.581037896   -0.109448701
    -0.056451394   -0.059553580   -0.376366915    0.001489566
    -0.023987969   -0.001903678    0.047993245   -0.026566275   -0.006073754
     0.041977718    0.009280696    0.089923754    0.246321918   -0.013380261
    -0.012973835    0.286199833    0.004983452   -0.122000055   -0.058077683
     0.211083905    0.028071957    0.065646281   -0.018160617   -0.056736316
    -0.753284553    0.126655417    0.015656116    0.071057557    0.070018799
     0.235144492    0.033174096   -0.001639453    0.015224615   -0.191634504
     0.181380026   -0.079853498   -0.029376227    0.008358037   -0.028577827
    -0.065683209    0.232524613   -0.654318024   -0.076482566    0.013620409
     0.057452408    0.295582651    0.217739753   -0.211532865    0.537627040
    -0.044086883   -0.048931160    0.069501120   -0.657143138   -0.164952902
    -0.242617629    0.137690844    0.020680035    0.001561916   -0.123110618
     0.028629991    0.173649701    0.107265442   -0.216178073
     0.006562377   -0.003498429   -0.016589656    0.008535644    0.001123979
     0.011040275   -0.007901088    0.012685753   -0.165780279    0.009464532
    -0.004291033    0.181708497   -0.011424551   -0.002234431    0.030533664
     0.065628795    0.024259922    0.021290887   -0.086662332   -0.017376143
    -0.354929500   -0.063188877   -0.059289132    0.641310993   -0.027959407
    -0.070003177   -0.005602580   -0.011189697   -0.310869437   -0.173176931
    -0.018136275    0.006034619    0.009831565   -0.022733356   -0.766880899
     0.012631305   -0.058169219   -0.104149516    0.007344947    0.002932825
     0.012379378   -0.510071428   -0.063191535    0.014687134   -0.111065939
    -0.001465546    0.012139476   -0.006244365   -0.289073129    0.036191557
     0.027077452    0.342944146   -0.000341059    0.008782775   -0.044757107
     0.192700745    0.009067219    0.050028072    0.550226459
     0.122591455   -0.051854300   -0.304744396    0.007727800    0.130045453
    -0.191460720    0.497726078    0.341950721    0.281490783   -0.377789545
    -0.166987325    0.147911799    0.007834732   -0.595806848   -0.016454579
     0.037313888    0.349074010    0.029692559   -0.016790672    0.308967630
    -0.247358461   -1.008851835    0.055177239    0.232487222   -0.088017991
     0.099959484    0.428492856    0.011582682   -0.109311824   -0.007128181
    -0.016475376   -0.482358374   -0.248315563    0.279340993   -0.133243426
     0.380571685   -0.227841429   -0.153461979   -0.020805451    0.837743333
     0.391544979   -0.151211511   -0.286186466    0.215321952    0.230048048
     0.382055502   -0.174192827    0.029913573    0.113688015    0.418211893
     0.200895507   -0.186322483   -0.134295536   -0.212959552   -0.064658063
     0.353903913    0.015810848   -0.155929205   -0.191660461
    -0.162231812    0.057783000    0.498421780   -0.091942068   -0.069835914
    -0.129683106   -0.410250731    0.046952369   -0.369474124    0.157910781
     0.046825543    0.022975470    0.065584496    0.038011923   -0.004252725
    -0.006875581    0.196678408   -0.079746712    0.002513416   -0.035591943
     0.364451227   -0.424867208   -0.099947303   -0.073077847    0.010292152
    -0.056801472    0.214240432    0.110654810    0.073747763    0.181629765
     0.095785710   -0.294471201   -0.090023165    0.173040518    0.181842489
     0.345654531    0.067001328    0.138030534    0.191724421   -0.176006722
     0.073579712    0.313674839    0.011615887    0.139521201   -0.341472031
     0.276888637   -0.157538278    0.100209518   -0.083787233   -0.300389341
     0.349946794    0.282968715    0.530576382   -0.522507986   -0.473010223
     0.230276385   -0.458464218    0.208552478    0.237398177
     0.138494968   -0.029365880   -0.333397029   -0.348162432    0.503499002
    -0.315101616    0.020869871    0.121774858    0.548975325   -0.033993181
    -0.090383502    0.042883640    0.183163105   -0.016947744   -0.047649214
     0.054515165   -0.023480505    0.290890289    0.002471622    0.212972820
    -0.168858191    0.240865358   -0.086135387   -0.072205717   -0.181615244
     0.012592935    0.031211968   -0.203752836    0.090691229   -0.052513864
     0.056731029   -0.078084704   -0.203296207   -0.113163078    0.176353705
    -0.420730336    0.890710077   -0.370351669    0.323457242   -0.633501391
     0.048013580   -0.031261490   -0.409900384    0.123496538   -0.088057082
    -0.014655390   -0.239851333    0.364546536   -0.105648835    0.098130728
     0.098847593   -0.253148085    0.348330422    0.383639550    0.094310352
    -0.010128853    0.322790875   -0.198573448   -0.109030274
     0.043122987    0.038855090   -0.169325490    0.076534468    0.189170029
    -0.173891126    0.044199831    0.254026315   -0.147380010    0.459022138
     0.005108008    0.154595871    0.105676028   -0.099015064    0.045467717
    -0.009227210    0.019859954    0.003747133   -0.024258008   -0.283878386
     0.122047711    0.089185191   -0.199268594   -0.000741195    0.151278736
     0.004414266   -0.468299566    0.080265616    0.076954843    0.043351538
    -0.237946107   -0.211007211   -0.012503848    0.067828848    0.079921998
    -0.535178191   -0.350493519   -0.010492434    0.168250111   -0.436586360
    -0.603732775    0.106255888    0.334320170   -0.263201881   -0.152733435
    -0.056323197    0.251074338   -0.176074648   -0.199837602    0.107997599
    -0.153185848    0.285886122   -0.011594867    0.416791269    0.537499874
     0.102732747   -0.018864329    0.241669556   -0.052094925
    -0.000186105    0.000007307    0.000932071   -0.000530622    0.000317404
     0.001125774    0.000361157    0.000544183    0.000897541   -0.000902964
    -0.000267194   -0.002517676    0.000014317    0.000174415    0.029992559
     0.049366807   -0.002775788   -0.005754605    0.740934541   -0.004207303
    -0.016949479    0.003189432    0.001868154    0.367345503    0.004173506
     0.025197411    0.011554841    0.008977032   -0.177040294   -0.049040720
     0.017161371    0.000124678    0.000395606   -0.000123623   -0.004100971
    -0.004118103    0.001127945    0.007046803    0.000696239   -0.000447671
     0.000083799   -0.008758363    0.000603993    0.001774142   -0.001871077
    -0.000069896   -0.001462846   -0.000541865    0.001009190   -0.001898908
     0.000371276   -0.002883616   -0.001102406    0.000625893    0.000918050
    -0.001301254    0.000157526   -0.002948185   -0.002076617
     0.093080014   -0.060358508   -0.022942347    0.418431793    0.417124386
    -0.062838516   -0.140001861    0.215507794    0.290245965   -0.141181428
    -0.013719684   -0.005804907   -0.004913175    0.292036079    0.077249736
     0.047904258   -0.175262007    0.034703845    0.025590926   -0.789665262
    -0.218326600    0.425614882   -0.579820425    0.145292120    0.258336235
     0.060727924    0.086294640    0.126027783   -0.158459543    0.022933005
     0.199828728    0.089849007    0.088913334   -0.449247707   -0.172175954
    -0.371658918   -0.052526818   -0.005195193    0.431804720   -0.667356884
    -0.226528396   -0.135519326    0.248558487   -0.033474137    0.239933944
    -0.567100835    0.022840879    0.281096089    0.339627574    0.233007593
    -0.565338842   -0.466657073   -0.016758923   -0.286829262   -0.746272453
     0.298103804   -0.201737728   -0.214083445   -0.018205078
    -0.059151668    0.016008138    0.105585978    0.005599481   -0.077229582
     0.010669330    0.169571139    0.155171735    0.102465535    0.006122516
    -0.078842350   -0.039145130    0.033907367   -0.194347748    0.284877865
     0.026838321   -0.545862239   -0.244858612    0.001727794   -0.093867546
    -0.143261162    0.502395344    0.352059507    0.133755776   -0.084343266
    -0.009525597   -0.139273501    0.138366266   -0.101995938    0.057241690
    -0.355071069    0.055596797   -0.160907386   -0.071800905    0.011119999
     0.173959114    0.088352959   -0.107284335   -0.205406176    0.049063080
    -0.353048284   -0.081733618    0.183637162    0.316306976    0.158519575
    -0.276756720    0.097319513   -0.014278731    0.127730355    0.109037922
     0.172564361   -0.095057707    0.176044981   -0.031564352    0.149416574
     0.073350607    0.056374933    0.045666410    0.116797841
     0.028017743   -0.011094253   -0.026661693   -0.017162237    0.121577188
    -0.002189986   -0.016667692   -0.052118467   -0.002349259   -0.098519440
     0.063801969    0.157600468    0.050303101   -0.011926402    0.113147069
     0.123511515   -0.410128672   -0.123841432    0.038779741    0.126190201
    -0.290426812   -0.232708129   -0.047030918   -0.139233234   -0.054771458
     0.078296007    0.198087327    0.012416222   -0.004217792    0.031953277
    -0.369945233   -0.130812523    0.043054618    0.099139684   -0.049519843
    -0.034634476   -0.263429934   -0.029465031    0.259151813    0.128446996
     0.047214299    0.298610241   -0.341899637    0.110460985    0.351985645
     0.344889820   -0.105931364   -0.110652337   -0.249009188    0.134211792
     0.101438751   -0.012374531   -0.169650803   -0.026978453   -0.121344561
    -0.143160305   -0.153457502   -0.240348951    0.054168143
    -0.129537575    0.291194307   -2.895327571   11.165036416    7.836388948
     0.000621024   -0.007785463    0.312522431   -0.000205111   -0.300188031
    -5.470429772   -0.000404201   -0.319689837   -2.809258076   -0.058421281
    -0.000028889   -0.011330899    0.052704426    0.000002486    0.427766945
    -0.000010576    0.194749783   -2.116775660   -0.000056406    0.305630736
    -0.000009195   -0.030499063    0.659693202    0.000014099   -0.000064727
     0.015397807   -0.280789617   -7.857169007   -0.517253975   -0.000030157
     0.736460960   -0.620877697    0.000055885    3.233177169   -2.271179593
    -0.069288206   -0.000007429    0.876089165    0.502628588    0.000017682
    -0.330615367   -8.718613245   -0.835935074   -0.000016721   -0.839847354
    -0.656640687    0.000025542   -3.580388519   -2.607353189   -0.056497635
    -0.000172743   -0.957478660    0.573975335   -0.000005813
    -0.144686950    0.086983439    0.296534487   -0.177911745   -0.072500326
     0.146031473   -0.234203440   -0.061090456    0.583179655    0.191724675
     0.137187878    0.066647755   -0.170768175   -0.000119734    0.024273136
     0.011984228   -0.099675085    0.002341656   -0.068512217   -0.031500315
    -0.600214319    0.147391985   -0.190353945    0.201369367    0.060893276
     0.150325599    0.029395641    0.048727097    0.033115724   -0.290190800
    -0.045398839    0.205256467   -0.088706106    0.156563047   -0.158202732
     0.280462282    0.238803574   -0.488770996   -0.183201456   -0.298138987
    -0.138345000   -0.534981330    0.014004874    0.011321563    0.368772363
    -0.161007127   -0.015243640    0.032119445   -0.281102161   -0.134735961
    -0.075066554   -0.086294568    0.087473164    0.042086346    0.173084910
    -0.143954836   -0.429688969   -0.078710052   -0.746138596
    -0.029183303    0.021768145    0.081128606   -0.038245217    0.105101828
     0.009463094   -0.013147886   -0.088864386   -0.104450337   -0.067897268
     0.120089187   -0.041709186    0.015309096   -0.047882571    0.159507446
    -0.131874707    0.413487232   -0.606702328    0.045384293    0.133575271
    -0.093516568    0.047388494    0.112908197   -0.229387523   -0.020467399
    -0.076453211    0.125239476   -0.291795144    0.129245239    0.130178644
     0.017889280    0.012720718    0.002595614    0.069821614    0.239824514
    -0.022054165    0.190978365    0.214807564    0.154209359   -0.011498025
    -0.167464142   -0.036986704    0.034072578   -0.058703810   -0.044074487
     0.046183976   -0.051860179   -0.071067362   -0.228321465    0.107739366
    -0.271683886    0.043720820   -0.111944884    0.018735767   -0.018611297
    -0.112888804   -0.050685854   -0.003955073    0.015799679
    -0.024213413    0.013941730    0.062620679   -0.060231253    0.041692295
     0.001434366   -0.065321845   -0.006029961   -0.017423435   -0.001074910
     0.002402004    0.009162965   -0.003177220   -0.012707517    0.144158492
    -0.294881490    0.035013031   -0.367747068   -0.002277602   -0.337348382
     0.134789351   -0.036471558   -0.075425113   -0.026739892    0.180015610
     0.074260773   -0.639751407    0.177342805    0.027304323   -0.253358623
    -0.119259056   -0.030974928   -0.033446467    0.057719223   -0.053848043
    -0.090008510    0.139963944    0.009849026    0.032865079   -0.086609100
     0.131009138    0.054261911    0.010785933   -0.022380911   -0.063383076
     0.026125972   -0.055883927    0.001434143    0.026227028   -0.112077592
    -0.111738940    0.006669708    0.012758636   -0.000302817   -0.014395199
    -0.019679701   -0.003521096   -0.015987569   -0.080639207
    -0.000396429    0.000016080    0.001818664   -0.000928959    0.000892018
     0.001491001   -0.000134479    0.000174829    0.001377634   -0.001563776
    -0.000477885    0.000841288   -0.000403932    0.000859607    0.048900873
     0.036312457   -0.002316381   -0.005648893   -0.359622404   -0.013450265
     0.012521920    0.004369581    0.002506558    0.634098715    0.006972288
    -0.071597619    0.023310760    0.027358046    0.824304067   -0.108094970
     0.031499070    0.000446072    0.000655061   -0.000094512   -0.000415652
    -0.007150056    0.002689623    0.000045585    0.002089894   -0.000832519
    -0.000224465   -0.007853392   -0.000331351    0.001931999   -0.000275096
    -0.000279805   -0.002529431   -0.001413454   -0.003760316   -0.002806161
    -0.001160784   -0.001640511   -0.002593101    0.000975017    0.001232765
    -0.000799547    0.000913281   -0.003228869    0.001085047
     0.281965996   -0.339854341   -0.070362000    0.668762339    0.079672686
     0.017481542    0.218811259    0.094430767   -0.012500113   -2.121596324
    -0.754814817   -0.004325471    2.358917192   -0.095616736   -0.066041813
     0.000223058    0.212483760   -0.025535777   -0.000279288    0.398234735
     0.000023246    0.370720362   -0.157216156    0.000647158    0.040262824
     0.000414979   -0.195399658    0.243808493    0.000820727    0.000756244
     0.184551951    0.194606008   -0.223573465   -1.020112577    0.002165017
    -0.009688621    0.276784136   -0.002458122   -0.350343759    0.015942356
     0.146569491    0.001770804   -0.242750897    0.016585130   -0.002800222
    -1.000025506   -0.034182944    0.911784622   -0.000786315   -0.641162087
    -0.666100790    0.000428929   -0.569646105    0.411782040    0.061457955
     0.004912490   -0.331322944    0.297501311   -0.000756695
     0.001132985    0.000036805   -0.005203348    0.002135978   -0.002876406
    -0.006792193    0.001719143    0.001276582    0.003068033    0.004193889
     0.001483825   -0.003414251    0.002136295   -0.003962025   -0.130959954
     0.082348759    0.001456128    0.001769514    0.764710195    0.051879890
    -0.099368954   -0.009652721   -0.005032092   -0.822029004   -0.024389539
    -0.314744692   -0.072709717   -0.101808950    0.475120451    0.043396655
    -0.091457200   -0.001881249   -0.001987280    0.000353433   -0.016361144
     0.019494033   -0.008667136    0.005283859   -0.007687598    0.002306790
     0.001900057    0.018431067    0.003589918   -0.002847548   -0.007637486
     0.001356687    0.006570248    0.005003420    0.024135826    0.006389345
     0.006979101   -0.002663320    0.008912538   -0.002581783   -0.002841285
    -0.001057775   -0.004279975    0.005080447   -0.013200829
    -0.032280112    0.012613535    0.050388324   -0.022661030   -0.032206386
    -0.019389670    0.071886822    0.020093103    0.007007561   -0.017555713
     0.002665755    0.024707285    0.054714539   -0.038330519   -0.039306557
     0.180092004   -0.443241637   -0.087098033    0.020003858   -0.169783540
    -0.070588396    0.305359715   -0.106970810    0.058330086    0.107716827
    -0.007877699   -0.282943582   -0.260060482   -0.066888914    0.175450933
     0.651028688    0.089994202   -0.075470898    0.073918862    0.029583670
     0.106948921   -0.045659150   -0.023893121   -0.007279105   -0.034144402
    -0.132806675   -0.026288890   -0.071085186    0.090862933    0.150719619
    -0.036970492    0.016756059   -0.036596044   -0.010848326    0.063458106
    -0.035068425   -0.015955470    0.025048791    0.022339329    0.149293408
     0.063649328    0.001514842   -0.055315747    0.162576069
     0.000772027   -0.000455091   -0.001222848   -0.002316790   -0.004345514
     0.011345373    0.012770666    0.013592735   -0.020217412   -0.003721348
    -0.002047361   -0.043578631    0.007187710   -0.007322516    0.125582410
     0.559804440   -0.053578776   -0.089307140    0.092599031    0.092197243
    -0.241546395    0.028302467    0.027229680   -0.240168495   -0.076048571
     0.288397191    0.025173018   -0.134454455    0.028672869   -0.747369527
     0.046625018   -0.003051453    0.001392517   -0.003859435    0.019824097
    -0.015306811   -0.012404045    0.148720300   -0.013381744    0.002764423
     0.005219794   -0.117476034    0.021599986    0.021759111   -0.015950135
     0.001707633   -0.005429646    0.006353364   -0.035870509   -0.015216202
     0.036727687   -0.032765480    0.010977046    0.002841859    0.005224058
    -0.003159634   -0.008700648   -0.034704562   -0.020432333
     0.015074108   -0.009752519   -0.031572444    0.026395514    0.000008037
    -0.005211437    0.024644620    0.021439136   -0.011654366    0.004343950
    -0.010009878    0.011039963    0.001346429   -0.007909717    0.723844775
    -0.060897789    0.008166733    0.359843432   -0.014340433   -0.034374655
     0.089966049   -0.047511557   -0.101563847   -0.054088846    0.431620631
    -0.038973381   -0.148568697   -0.334776733    0.043423358    0.068695402
     0.034921030   -0.000468017    0.018208490   -0.036476376   -0.080681572
    -0.022153703   -0.064198374   -0.002649435    0.006999924    0.012779135
     0.067101391    0.094768680    0.034897787   -0.024874095   -0.131245334
    -0.003688821    0.022730350    0.004589334    0.048953373    0.020245815
    -0.003442798    0.015553918   -0.035987982    0.044587449   -0.059921496
    -0.039325978    0.050319755    0.005411972   -0.123852270
     0.001536852   -0.000656450   -0.003736514    0.004141035   -0.002699778
    -0.001570905    0.001427938   -0.001343739   -0.005936940    0.002034396
    -0.000216252   -0.002024281   -0.000916433    0.002497518   -0.026032497
    -0.141243346    0.013055877    0.035379305    0.204933577    0.011156900
     0.056154750   -0.007217494   -0.001854255   -0.213075641    0.024269372
     0.888572277    0.007231891   -0.011486244    0.249006279    0.313581830
    -0.030119539    0.000391086    0.001869019   -0.002905270    0.019201970
     0.007849672   -0.004040925   -0.000634668   -0.002135351    0.002862546
    -0.003795808    0.019928206    0.002097144   -0.003570294   -0.006641186
    -0.001319558    0.004511326    0.001306716    0.001731826    0.005153936
     0.002767159   -0.002278231   -0.000523762   -0.001410916    0.001258278
    -0.000305698    0.000294022    0.004725527   -0.002609055
    -0.020580742    0.011128495    0.051563753   -0.055633299    0.059117745
    -0.003742977   -0.048744132   -0.046259991   -0.007541929   -0.003014418
     0.010827739   -0.017257659    0.016249905    0.003678759    0.434085792
     0.430458855    0.108356469    0.123924230   -0.052063448   -0.321684014
    -0.154619283   -0.085411822   -0.101821079    0.002250974   -0.644299547
    -0.024851384   -0.294220865    0.067939661    0.047994911    0.321482491
     0.045191166   -0.014453539   -0.052138609    0.059321793    0.045126895
    -0.069349479    0.065099239    0.008488338    0.043742782   -0.044870320
     0.112787055    0.010038061    0.061105125   -0.137972734   -0.111972405
     0.017339774   -0.030034682   -0.000629451   -0.008561867   -0.062270044
    -0.073562501    0.023726776    0.016638128    0.012511236   -0.043562668
    -0.009575906   -0.011339784    0.060086027   -0.084565277
     0.010116293   -0.002681440   -0.035404623    0.024321361   -0.027300886
    -0.010801897    0.025328147    0.010528629    0.012503719    0.022064644
     0.003566165    0.002740192    0.011608697   -0.012718307   -0.532336423
     0.246794292   -0.020199179    0.089481465   -0.174916611    0.286950366
    -0.064166313   -0.034471512   -0.018571832    0.240480182    0.036175026
     0.020979610   -0.322491495   -0.581210804   -0.057432109    0.106026002
    -0.450828909   -0.007059029   -0.000716107   -0.011439338    0.006801693
     0.101229607   -0.058868323   -0.009821402   -0.046172573    0.017669687
    -0.003947383   -0.004088808    0.040786542   -0.002390720   -0.008979708
     0.001417877    0.042565860    0.027404833   -0.003867427    0.034763104
     0.057144247   -0.001778108    0.041096249   -0.009190458   -0.002915580
     0.020817672   -0.015100614   -0.000795698   -0.005415746
    -0.004072560    0.004683061    0.020349071   -0.002220199    0.002916755
     0.003606865   -0.032743857   -0.015910652    0.002314161    0.002941138
     0.002979154   -0.030314763   -0.022629945    0.022926667    0.020897718
     0.701752496    0.229862026   -0.033040187    0.005008647   -0.132755474
    -0.284128272   -0.053619311   -0.029581494   -0.022013190    0.534801206
    -0.038673105    0.018871744    0.347882522   -0.005651865    0.266486801
    -0.138325059   -0.001930383    0.008692596    0.012472758    0.085574127
    -0.013900301    0.085892527    0.045268781    0.018066439   -0.026060958
    -0.001363093   -0.092492502   -0.020863225   -0.010998764    0.026119851
     0.000932638   -0.016560117   -0.002736013   -0.046632837   -0.017339710
    -0.069391783   -0.004589712   -0.035728616   -0.025798580    0.052736617
     0.004373122   -0.007928255    0.031649967    0.072832571
     0.448484151   -0.318860051   -0.693113031    1.045332119   -0.171081480
    -0.006048050   -0.563777043    0.216040378   -0.103131147    0.309058722
     0.115625966    0.036366900   -0.048257040    0.195340911    0.092234289
    -0.014887798    0.089085362    0.070981630   -0.019173949   -0.306096048
     0.057113409   -0.292675040   -0.022252429    0.047175231    0.001581129
    -0.011832466    0.065138012   -0.068122874    0.007274544    0.003619669
    -0.082973493   -0.473812091    1.045216772   -0.814050495    0.043702818
    -0.011619959    0.080033345   -0.035733054   -0.025026100   -0.073220832
    -0.045318821    0.002225749   -0.253492763   -0.249636314   -0.019359846
    -0.064524693    0.378833763   -0.272791833   -0.077207146    0.242689980
     0.421672657    0.199928023   -0.244017606   -0.932827894    0.077892404
    -0.031005317   -0.027003423   -0.167716750    0.018715908
     0.364024689   -0.322171444   -0.053780366    0.397675290   -0.686983491
    -0.019457166    0.140430218   -0.440229728   -0.001792225   -0.821313265
     1.645459175    0.018649680    0.399895814   -0.364501403    0.140326160
    -0.002040386    0.031474672    0.010131168   -0.001454896   -1.051775680
     0.008266096    0.199441402   -0.182560117   -0.009730829    0.151251578
    -0.004245747   -0.032655965   -0.252582088    0.009706567   -0.003849064
     0.098614122    1.134836370   -0.603051468    0.233257302    0.013845123
    -0.478097688    0.079548059   -0.009442684   -0.424571942   -0.259960239
    -0.363004963    0.004981270    0.121306073   -0.295308924   -0.011014894
     0.571112941   -0.719207349    0.481378591   -0.020070232    0.176519939
    -0.180324974    0.021690535    0.323864271   -0.462348666   -0.491602688
    -0.026913395   -0.267153629   -0.301502035    0.001169136
     1.090295308   -1.627923621    2.387210089   -1.571290978    2.449475265
     0.005368183   -0.123211754   -0.109275240   -0.008207970    0.749497387
    -0.729026441    0.000664611   -0.679311429   -0.601762038   -0.043365651
     0.000423943   -0.058216848   -0.057892782   -0.000649452    0.294156935
     0.001301510   -0.095552054   -0.116553321    0.003382722   -0.011073617
     0.000480558    0.009517398    0.068903090   -0.000015600    0.002206407
    -0.049079747   -0.014577822   -1.468694821    0.334368260    0.002300508
     0.172736304   -0.214235164   -0.002802875    0.683983890   -0.155738285
     0.031097896    0.001286886    0.331053915    0.264458311   -0.002594589
     0.082700698   -0.929063275   -0.726521557   -0.001151916   -0.039011532
     0.036801730    0.003801169   -0.341527452   -0.116900201    0.119464893
     0.008465074   -0.164844882    0.187036434   -0.000097202
