 Water DF-BP86-D3(PCM)/def2-TZVPP                                               
 NAOs in the AO basis:
 -------------------------------------------------------------------------------
     0.435829653    0.638701624    0.035553770   -0.023539908    0.005152662
     0.000000000    0.000000000   -0.000191355    0.000000000    0.000000000
     0.002063536    0.000000000    0.000000000    0.000189674   -0.000005565
     0.000000000    0.000000000   -0.000022717    0.000000000   -0.000026826
     0.000000000    0.000000000    0.000814612    0.000000000   -0.000172501
     0.000000000    0.000000000   -0.000341342    0.000000000    0.000000000
     0.000000000    0.000297419    0.002217555   -0.000212995    0.000000000
    -0.000405274    0.000333192    0.000000000   -0.001070927    0.000902449
     0.000060169    0.000000000   -0.000353426   -0.000200839    0.000000000
     0.000297419    0.002217555   -0.000212995    0.000000000    0.000405274
     0.000333192    0.000000000    0.001070927    0.000902449    0.000060169
     0.000000000    0.000353426   -0.000200839    0.000000000
    -0.115595659   -0.284633900    0.458556207    0.545069744    0.152208131
     0.000000000    0.000000000   -0.077256131    0.000000000    0.000000000
     0.007085202    0.000000000    0.000000000   -0.002578133    0.000428485
     0.000000000    0.000000000   -0.002396962    0.000000000   -0.006750573
     0.000000000    0.000000000    0.037664069    0.000000000   -0.004598615
     0.000000000    0.000000000   -0.009618344    0.000000000    0.000000000
     0.000000000   -0.036100275   -0.163740970    0.050098822    0.000000000
    -0.011262474    0.009556777    0.000000000   -0.047350382    0.032885003
     0.001211607    0.000000000   -0.009624017   -0.005376929    0.000000000
    -0.036100275   -0.163740970    0.050098822    0.000000000    0.011262474
     0.009556777    0.000000000    0.047350382    0.032885003    0.001211607
     0.000000000    0.009624017   -0.005376929    0.000000000
     0.087925604    0.102030222   -0.399825913   -0.557795820    6.221516537
     0.000000000    0.000000000    0.064443606    0.000000000    0.000000000
    -0.834259266    0.000000000    0.000000000   -2.043938420   -0.021451886
     0.000000000    0.000000000    0.065995840    0.000000000    0.222309954
     0.000000000    0.000000000   -0.563610645    0.000000000   -0.006178605
     0.000000000    0.000000000    0.007001764    0.000000000    0.000000000
     0.000000000    0.166887651   -3.000773517   -0.613395311    0.000000000
     0.001725227   -0.012181773    0.000000000    0.658955989   -0.296268601
     0.016770958    0.000000000   -0.008206872   -0.008141782    0.000000000
     0.166887651   -3.000773517   -0.613395311    0.000000000   -0.001725227
    -0.012181773    0.000000000   -0.658955989   -0.296268601    0.016770958
     0.000000000    0.008206872   -0.008141782    0.000000000
    -0.218766388    0.676105835   -4.196701111   11.515448374    2.008109483
     0.000000000    0.000000000    0.281140122    0.000000000    0.000000000
    -4.112588237    0.000000000    0.000000000   -1.062501550    0.003224379
     0.000000000    0.000000000    0.060863702    0.000000000    0.118984243
     0.000000000    0.000000000   -1.662408833    0.000000000    0.314275192
     0.000000000    0.000000000    0.627809248    0.000000000    0.000000000
     0.000000000   -0.534217140   -5.339557715    0.224969583    0.000000000
     0.745458583   -0.616918231    0.000000000    2.165064747   -1.741638996
    -0.105306767    0.000000000    0.653712548    0.370591539    0.000000000
    -0.534217140   -5.339557715    0.224969583    0.000000000   -0.745458583
    -0.616918231    0.000000000   -2.165064747   -1.741638996   -0.105306767
     0.000000000   -0.653712548    0.370591539    0.000000000
    -1.374760755    1.599938760   -0.679877120   -0.986965367   -0.993843354
     0.000000000    0.000000000   -0.012820159    0.000000000    0.000000000
     0.774196702    0.000000000    0.000000000    0.264110588    0.001307751
     0.000000000    0.000000000   -0.004941384    0.000000000   -0.029952344
     0.000000000    0.000000000    0.311247403    0.000000000   -0.065408990
     0.000000000    0.000000000   -0.130427965    0.000000000    0.000000000
     0.000000000    0.076222826    1.025717043    0.082912102    0.000000000
    -0.167886109    0.143234567    0.000000000   -0.435958535    0.334964779
     0.023280063    0.000000000   -0.188150110   -0.107905580    0.000000000
     0.076222826    1.025717043    0.082912102    0.000000000    0.167886109
     0.143234567    0.000000000    0.435958535    0.334964779    0.023280063
     0.000000000    0.188150110   -0.107905580    0.000000000
     0.000000000    0.000000000    0.000000000    0.000000000    0.000000000
     0.485832716    0.000000000    0.000000000    0.400671154    0.000000000
     0.000000000    0.317988945    0.000000000    0.000000000    0.000000000
    -0.000569565    0.000000000    0.000000000    0.000000000    0.000000000
     0.006440430    0.000000000    0.000000000    0.000000000    0.000000000
    -0.000939245    0.000000000    0.000000000    0.000000000    0.002193682
     0.000000000    0.000000000    0.000000000    0.000000000    0.001590414
     0.000000000    0.000000000    0.006202408    0.000000000    0.000000000
     0.000000000    0.002279019    0.000000000    0.000000000   -0.003370907
     0.000000000    0.000000000    0.000000000    0.001590414    0.000000000
     0.000000000    0.006202408    0.000000000    0.000000000    0.000000000
     0.002279019    0.000000000    0.000000000    0.003370907
     0.000000000    0.000000000    0.000000000    0.000000000    0.000000000
     0.311314360    0.000000000    0.000000000    0.741355435    0.000000000
     0.000000000   -1.266656607    0.000000000    0.000000000    0.000000000
     0.003487508    0.000000000    0.000000000    0.000000000    0.000000000
    -0.039435434    0.000000000    0.000000000    0.000000000    0.000000000
     0.011744622    0.000000000    0.000000000    0.000000000   -0.027634931
     0.000000000    0.000000000    0.000000000    0.000000000   -0.038428091
     0.000000000    0.000000000    0.020941477    0.000000000    0.000000000
     0.000000000   -0.033795086    0.000000000    0.000000000    0.048409890
     0.000000000    0.000000000    0.000000000   -0.038428091    0.000000000
     0.000000000    0.020941477    0.000000000    0.000000000    0.000000000
    -0.033795086    0.000000000    0.000000000   -0.048409890
     0.000000000    0.000000000    0.000000000    0.000000000    0.000000000
     1.222925370    0.000000000    0.000000000   -1.865227130    0.000000000
     0.000000000    0.677052347    0.000000000    0.000000000    0.000000000
    -0.019673295    0.000000000    0.000000000    0.000000000    0.000000000
     0.222458222    0.000000000    0.000000000    0.000000000    0.000000000
    -0.042089442    0.000000000    0.000000000    0.000000000    0.098632298
     0.000000000    0.000000000    0.000000000    0.000000000    0.101112941
     0.000000000    0.000000000    0.119401017    0.000000000    0.000000000
     0.000000000    0.110654138    0.000000000    0.000000000   -0.161131390
     0.000000000    0.000000000    0.000000000    0.101112941    0.000000000
     0.000000000    0.119401017    0.000000000    0.000000000    0.000000000
     0.110654138    0.000000000    0.000000000    0.161131390
     0.000000000    0.000000000    0.000000000    0.000000000    0.000000000
     0.000000000    0.571835278    0.000000000    0.000000000    0.392453424
     0.000000000    0.000000000    0.330558115    0.000000000    0.000000000
     0.000000000   -0.005913562    0.000000000    0.000000000    0.000000000
     0.000000000    0.054451586    0.000000000    0.000000000    0.000000000
     0.000000000   -0.003851229    0.000000000    0.000000000    0.000000000
     0.004778123   -0.028879794   -0.134642959    0.027241860    0.000000000
    -0.010684458    0.008726189    0.000000000   -0.029015368    0.027878407
     0.001479561    0.000000000   -0.005780028   -0.002567863    0.000000000
     0.028879794    0.134642959   -0.027241860    0.000000000   -0.010684458
    -0.008726189    0.000000000   -0.029015368   -0.027878407   -0.001479561
     0.000000000   -0.005780028    0.002567863    0.000000000
     0.000000000    0.000000000    0.000000000    0.000000000    0.000000000
     0.000000000    0.248844126    0.000000000    0.000000000    1.150512926
     0.000000000    0.000000000   -1.816061266    0.000000000    0.000000000
     0.000000000    0.025794497    0.000000000    0.000000000    0.000000000
     0.000000000   -0.237513594    0.000000000    0.000000000    0.000000000
     0.000000000    0.049843579    0.000000000    0.000000000    0.000000000
    -0.059012853   -0.240494191    0.389072317    0.108452258    0.000000000
     0.120161271   -0.129240877    0.000000000    0.358704000   -0.192904021
    -0.025177107    0.000000000    0.086139615    0.039051202    0.000000000
     0.240494191   -0.389072317   -0.108452258    0.000000000    0.120161271
     0.129240877    0.000000000    0.358704000    0.192904021    0.025177107
     0.000000000    0.086139615   -0.039051202    0.000000000
     0.000000000    0.000000000    0.000000000    0.000000000    0.000000000
     0.000000000    1.341983385    0.000000000    0.000000000   -4.891341400
     0.000000000    0.000000000   -0.016124690    0.000000000    0.000000000
     0.000000000   -0.187496141    0.000000000    0.000000000    0.000000000
     0.000000000    1.726448966    0.000000000    0.000000000    0.000000000
     0.000000000   -0.175295894    0.000000000    0.000000000    0.000000000
     0.212935209    0.605449394    3.214893298   -0.420782258    0.000000000
    -0.457157991    0.423431995    0.000000000   -1.293615287    0.998680468
     0.077047970    0.000000000   -0.281330233   -0.126244464    0.000000000
    -0.605449394   -3.214893298    0.420782258    0.000000000   -0.457157991
    -0.423431995    0.000000000   -1.293615287   -0.998680468   -0.077047970
     0.000000000   -0.281330233    0.126244464    0.000000000
     0.004220859    0.018081997   -0.045068386   -0.048224549    0.051273404
     0.000000000    0.000000000    0.535262429    0.000000000    0.000000000
     0.409734345    0.000000000    0.000000000    0.318547770   -0.001062957
     0.000000000    0.000000000    0.001521001    0.000000000    0.012002021
     0.000000000    0.000000000   -0.015828938    0.000000000    0.000048310
     0.000000000    0.000000000    0.003266215    0.000000000    0.000000000
     0.000000000    0.028846578    0.107790035   -0.026147453    0.000000000
     0.005804128   -0.002285459    0.000000000    0.022656689   -0.008442817
     0.002831359    0.000000000    0.001790717    0.003282653    0.000000000
     0.028846578    0.107790035   -0.026147453    0.000000000   -0.005804128
    -0.002285459    0.000000000   -0.022656689   -0.008442817    0.002831359
     0.000000000   -0.001790717    0.003282653    0.000000000
    -0.016310153   -0.031824960    0.033389218    0.094059769    0.113147102
     0.000000000    0.000000000    0.295332714    0.000000000    0.000000000
     0.735169577    0.000000000    0.000000000   -1.546038658    0.003456016
     0.000000000    0.000000000    0.000121527    0.000000000   -0.039022431
     0.000000000    0.000000000   -0.001264725    0.000000000    0.000457397
     0.000000000    0.000000000   -0.034379254    0.000000000    0.000000000
     0.000000000    0.154963028   -0.588619261    0.092103219    0.000000000
    -0.072928616    0.013524015    0.000000000   -0.099495457    0.114660526
    -0.036023438    0.000000000   -0.023654053   -0.047226097    0.000000000
     0.154963028   -0.588619261    0.092103219    0.000000000    0.072928616
     0.013524015    0.000000000    0.099495457    0.114660526   -0.036023438
     0.000000000    0.023654053   -0.047226097    0.000000000
    -0.045862883   -0.104524997    0.211449047    1.146159141    2.219114666
     0.000000000    0.000000000    1.228418370    0.000000000    0.000000000
    -2.907440030    0.000000000    0.000000000    0.027861026   -0.031802111
     0.000000000    0.000000000    0.037350698    0.000000000    0.359082770
     0.000000000    0.000000000   -0.388705713    0.000000000    0.000456328
     0.000000000    0.000000000    0.135963591    0.000000000    0.000000000
     0.000000000   -0.236127836   -1.768006215   -0.104347304    0.000000000
     0.260660977   -0.078185158    0.000000000    0.719432260   -0.392968608
     0.127875511    0.000000000    0.082277444    0.157047409    0.000000000
    -0.236127836   -1.768006215   -0.104347304    0.000000000   -0.260660977
    -0.078185158    0.000000000   -0.719432260   -0.392968608    0.127875511
     0.000000000   -0.082277444    0.157047409    0.000000000
     0.000000000    0.000000000    0.000000000    0.000000000    0.000000000
     0.000000000    0.000000000    0.000000000    0.000000000    0.000000000
     0.000000000    0.000000000    0.000000000    0.000000000    0.000000000
     0.000000000    0.000000000    0.000000000    0.074373028    0.000000000
     0.000000000    0.000000000    0.000000000    1.084170024    0.000000000
     0.000000000    0.000000000    0.000000000   -0.038731299    0.000000000
     0.000000000    0.000000000    0.000000000    0.000000000   -0.038363392
     0.000000000    0.000000000   -0.088505226    0.000000000    0.000000000
     0.000000000   -0.048902859    0.000000000    0.000000000    0.046278346
     0.000000000    0.000000000    0.000000000    0.038363392    0.000000000
     0.000000000    0.088505226    0.000000000    0.000000000    0.000000000
     0.048902859    0.000000000    0.000000000    0.046278346
     0.000000000    0.000000000    0.000000000    0.000000000    0.000000000
     0.000000000    0.000000000    0.000000000    0.000000000    0.000000000
     0.000000000    0.000000000    0.000000000    0.000000000    0.000000000
     0.000000000    0.000000000    0.000000000    1.189037704    0.000000000
     0.000000000    0.000000000    0.000000000   -0.783176535    0.000000000
     0.000000000    0.000000000    0.000000000    0.011200574    0.000000000
     0.000000000    0.000000000    0.000000000    0.000000000    0.018665128
     0.000000000    0.000000000    0.144715633    0.000000000    0.000000000
     0.000000000    0.006463836    0.000000000    0.000000000    0.048324708
     0.000000000    0.000000000    0.000000000   -0.018665128    0.000000000
     0.000000000   -0.144715633    0.000000000    0.000000000    0.000000000
    -0.006463836    0.000000000    0.000000000    0.048324708
     0.000000000    0.000000000    0.000000000    0.000000000    0.000000000
     0.003801532    0.000000000    0.000000000   -0.074678367    0.000000000
     0.000000000   -0.058314359    0.000000000    0.000000000    0.000000000
     0.077788313    0.000000000    0.000000000    0.000000000    0.000000000
     1.040118045    0.000000000    0.000000000    0.000000000    0.000000000
    -0.010965065    0.000000000    0.000000000    0.000000000    0.022673882
     0.000000000    0.000000000    0.000000000    0.000000000    0.029159650
     0.000000000    0.000000000    0.076796477    0.000000000    0.000000000
     0.000000000    0.022863973    0.000000000    0.000000000   -0.047712016
     0.000000000    0.000000000    0.000000000    0.029159650    0.000000000
     0.000000000    0.076796477    0.000000000    0.000000000    0.000000000
     0.022863973    0.000000000    0.000000000    0.047712016
     0.000000000    0.000000000    0.000000000    0.000000000    0.000000000
    -0.013876702    0.000000000    0.000000000    0.047564372    0.000000000
     0.000000000    0.153174698    0.000000000    0.000000000    0.000000000
     1.186000412    0.000000000    0.000000000    0.000000000    0.000000000
    -0.784567111    0.000000000    0.000000000    0.000000000    0.000000000
     0.022817665    0.000000000    0.000000000    0.000000000   -0.006000581
     0.000000000    0.000000000    0.000000000    0.000000000   -0.005715656
     0.000000000    0.000000000   -0.168131739    0.000000000    0.000000000
     0.000000000    0.045217467    0.000000000    0.000000000    0.016180914
     0.000000000    0.000000000    0.000000000   -0.005715656    0.000000000
     0.000000000   -0.168131739    0.000000000    0.000000000    0.000000000
     0.045217467    0.000000000    0.000000000   -0.016180914
     0.000000000    0.000000000    0.000000000    0.000000000    0.000000000
     0.000000000   -0.043109528    0.000000000    0.000000000   -1.076973497
     0.000000000    0.000000000   -0.851619470    0.000000000    0.000000000
     0.000000000   -0.005855303    0.000000000    0.000000000    0.000000000
     0.000000000    1.811879354    0.000000000    0.000000000    0.000000000
     0.000000000   -0.085272985    0.000000000    0.000000000    0.000000000
     0.054037329    0.532935484    1.423039563   -0.008636845    0.000000000
    -0.190211162    0.133325125    0.000000000   -0.326419510    0.243385741
    -0.016510168    0.000000000   -0.106174317   -0.078325128    0.000000000
    -0.532935484   -1.423039563    0.008636845    0.000000000   -0.190211162
    -0.133325125    0.000000000   -0.326419510   -0.243385741    0.016510168
     0.000000000   -0.106174317    0.078325128    0.000000000
     0.000000000    0.000000000    0.000000000    0.000000000    0.000000000
     0.000000000   -0.080423026    0.000000000    0.000000000   -1.915942457
     0.000000000    0.000000000   -0.087317676    0.000000000    0.000000000
     0.000000000    1.258691067    0.000000000    0.000000000    0.000000000
     0.000000000   -0.027529402    0.000000000    0.000000000    0.000000000
     0.000000000   -0.149790616    0.000000000    0.000000000    0.000000000
     0.103648247   -0.050836789    1.781556726   -0.010610033    0.000000000
    -0.333514347    0.287719729    0.000000000   -0.976801345    0.679734995
     0.019291675    0.000000000   -0.467533889   -0.384296690    0.000000000
     0.050836789   -1.781556726    0.010610033    0.000000000   -0.333514347
    -0.287719729    0.000000000   -0.976801345   -0.679734995   -0.019291675
     0.000000000   -0.467533889    0.384296690    0.000000000
     0.025103888    0.061507227   -0.069121251   -0.521621818   -0.724283349
     0.000000000    0.000000000    0.041231277    0.000000000    0.000000000
     0.327945931    0.000000000    0.000000000    0.355508770   -0.005221274
     0.000000000    0.000000000    0.055123308    0.000000000    0.056674043
     0.000000000    0.000000000    1.273611075    0.000000000   -0.041837904
     0.000000000    0.000000000   -0.057691762    0.000000000    0.000000000
     0.000000000    0.260171400    0.733495664    0.001422771    0.000000000
    -0.071217820    0.099095293    0.000000000   -0.102020326    0.141216757
     0.051721457    0.000000000   -0.067342734   -0.018683973    0.000000000
     0.260171400    0.733495664    0.001422771    0.000000000    0.071217820
     0.099095293    0.000000000    0.102020326    0.141216757    0.051721457
     0.000000000    0.067342734   -0.018683973    0.000000000
    -0.018104157    0.075773754   -0.083430570   -1.046279831    0.089103231
     0.000000000    0.000000000    0.089762857    0.000000000    0.000000000
     0.446918466    0.000000000    0.000000000   -0.096999832   -0.001015266
     0.000000000    0.000000000    1.226060227    0.000000000   -0.003533724
     0.000000000    0.000000000   -0.609706484    0.000000000   -0.062670578
     0.000000000    0.000000000   -0.088119105    0.000000000    0.000000000
     0.000000000   -0.042330104    0.403652170   -0.033924948    0.000000000
    -0.179680494    0.130934790    0.000000000   -0.281032293    0.173915917
     0.037758958    0.000000000   -0.305056008   -0.121400865    0.000000000
    -0.042330104    0.403652170   -0.033924948    0.000000000    0.179680494
     0.130934790    0.000000000    0.281032293    0.173915917    0.037758958
     0.000000000    0.305056008   -0.121400865    0.000000000
    -0.004518826   -0.005819385   -0.001436255    0.071983515    0.140298852
     0.000000000    0.000000000    0.004895098    0.000000000    0.000000000
    -0.150601277    0.000000000    0.000000000   -0.157764068    0.070122358
     0.000000000    0.000000000   -0.005704134    0.000000000    1.143244254
     0.000000000    0.000000000    0.057200906    0.000000000   -0.026546337
     0.000000000    0.000000000    0.001390393    0.000000000    0.000000000
     0.000000000   -0.031078459   -0.146152953    0.006261317    0.000000000
     0.045680372    0.032387978    0.000000000    0.088333042    0.087950133
     0.064394545    0.000000000   -0.017312572    0.045698015    0.000000000
    -0.031078459   -0.146152953    0.006261317    0.000000000   -0.045680372
     0.032387978    0.000000000   -0.088333042    0.087950133    0.064394545
     0.000000000    0.017312572    0.045698015    0.000000000
     0.004665735   -0.012912359    0.047924686    0.012848127   -0.527737890
     0.000000000    0.000000000   -0.045828144    0.000000000    0.000000000
     0.146445123    0.000000000    0.000000000    0.362723774    1.206352909
     0.000000000    0.000000000    0.001181474    0.000000000   -0.894293725
     0.000000000    0.000000000   -0.026512395    0.000000000    0.033876273
     0.000000000    0.000000000   -0.002596593    0.000000000    0.000000000
     0.000000000   -0.001440875    0.299057919    0.052550351    0.000000000
    -0.024319982   -0.037616453    0.000000000   -0.168766761   -0.136753028
     0.009359019    0.000000000    0.037319590    0.001667875    0.000000000
    -0.001440875    0.299057919    0.052550351    0.000000000    0.024319982
    -0.037616453    0.000000000    0.168766761   -0.136753028    0.009359019
     0.000000000   -0.037319590    0.001667875    0.000000000
    -0.012542897   -0.020883720    0.018843462    0.151646125    0.327167938
     0.000000000    0.000000000   -0.020085131    0.000000000    0.000000000
    -0.028593625    0.000000000    0.000000000   -0.035838696    0.028212394
     0.000000000    0.000000000    0.033393605    0.000000000   -0.318550689
     0.000000000    0.000000000   -0.347524564    0.000000000    1.143254395
     0.000000000    0.000000000    0.105313562    0.000000000    0.000000000
     0.000000000   -0.218619934   -0.139888311   -0.046309325    0.000000000
     0.027707224   -0.229010262    0.000000000   -0.042431013   -0.106767068
    -0.116230566    0.000000000    0.112336467   -0.119199580    0.000000000
    -0.218619934   -0.139888311   -0.046309325    0.000000000   -0.027707224
    -0.229010262    0.000000000    0.042431013   -0.106767069   -0.116230566
     0.000000000   -0.112336467   -0.119199580    0.000000000
     0.000000000    0.000000000    0.000000000    0.000000000    0.000000000
    -0.012042375    0.000000000    0.000000000    0.117219397    0.000000000
     0.000000000    0.035754447    0.000000000    0.000000000    0.000000000
     0.012829109    0.000000000    0.000000000    0.000000000    0.000000000
    -0.145066739    0.000000000    0.000000000    0.000000000    0.000000000
     1.044536330    0.000000000    0.000000000    0.000000000   -0.029540681
     0.000000000    0.000000000    0.000000000    0.000000000   -0.064104086
     0.000000000    0.000000000   -0.061567626    0.000000000    0.000000000
     0.000000000    0.020218959    0.000000000    0.000000000    0.121664707
     0.000000000    0.000000000    0.000000000   -0.064104086    0.000000000
     0.000000000   -0.061567626    0.000000000    0.000000000    0.000000000
     0.020218959    0.000000000    0.000000000   -0.121664707
     0.000000000    0.000000000    0.000000000    0.000000000    0.000000000
     0.000000000   -0.036586555    0.000000000    0.000000000    0.562967797
     0.000000000    0.000000000    0.171233535    0.000000000    0.000000000
     0.000000000    0.082566906    0.000000000    0.000000000    0.000000000
     0.000000000   -0.760269242    0.000000000    0.000000000    0.000000000
     0.000000000    1.296314539    0.000000000    0.000000000    0.000000000
    -0.007585985   -0.438383319   -0.453021791   -0.010802044    0.000000000
     0.357814241   -0.042991053    0.000000000    0.205637896   -0.002527651
     0.215278129    0.000000000    0.008781517    0.134654559    0.000000000
     0.438383319    0.453021791    0.010802044    0.000000000    0.357814241
     0.042991053    0.000000000    0.205637896    0.002527651   -0.215278129
     0.000000000    0.008781517   -0.134654559    0.000000000
    -0.028851019   -0.035100841   -0.006260086    0.293616077    0.801334651
     0.000000000    0.000000000    0.016656831    0.000000000    0.000000000
    -0.469587720    0.000000000    0.000000000   -0.255837816   -0.001581998
     0.000000000    0.000000000    0.045580609    0.000000000    0.017862590
     0.000000000    0.000000000   -0.474353731    0.000000000    0.104853943
     0.000000000    0.000000000    1.210934921    0.000000000    0.000000000
     0.000000000   -0.494053876   -0.364125387   -0.093144382    0.000000000
     0.263255661   -0.260988296    0.000000000    0.025010364   -0.004691610
    -0.048353605    0.000000000    0.050888190    0.029888462    0.000000000
    -0.494053876   -0.364125386   -0.093144382    0.000000000   -0.263255661
    -0.260988296    0.000000000   -0.025010364   -0.004691610   -0.048353605
     0.000000000   -0.050888190    0.029888462    0.000000000
     0.000000000    0.000000000    0.000000000    0.000000000    0.000000000
     0.000000000    0.000000000    0.000000000    0.000000000    0.000000000
     0.000000000    0.000000000    0.000000000    0.000000000    0.000000000
     0.000000000    0.000000000    0.000000000    0.035937697    0.000000000
     0.000000000    0.000000000    0.000000000   -0.406369965    0.000000000
     0.000000000    0.000000000    0.000000000    1.191596507    0.000000000
     0.000000000    0.000000000    0.000000000    0.000000000    0.205205633
     0.000000000    0.000000000    0.154106072    0.000000000    0.000000000
     0.000000000    0.151426543    0.000000000    0.000000000   -0.207089485
     0.000000000    0.000000000    0.000000000   -0.205205633    0.000000000
     0.000000000   -0.154106072    0.000000000    0.000000000    0.000000000
    -0.151426543    0.000000000    0.000000000   -0.207089485
     0.000000000    0.000000000    0.000000000    0.000000000    0.000000000
     0.027217158    0.000000000    0.000000000   -0.274731882    0.000000000
     0.000000000   -0.081565939    0.000000000    0.000000000    0.000000000
    -0.020963277    0.000000000    0.000000000    0.000000000    0.000000000
     0.237044852    0.000000000    0.000000000    0.000000000    0.000000000
    -0.029540681    0.000000000    0.000000000    0.000000000    1.126500821
     0.000000000    0.000000000    0.000000000    0.000000000    0.150344071
     0.000000000    0.000000000    0.141757523    0.000000000    0.000000000
     0.000000000    0.161995206    0.000000000    0.000000000   -0.124238379
     0.000000000    0.000000000    0.000000000    0.150344071    0.000000000
     0.000000000    0.141757523    0.000000000    0.000000000    0.000000000
     0.161995206    0.000000000    0.000000000    0.124238379
     0.000000000    0.000000000    0.000000000    0.000000000    0.000000000
     0.000000000    0.058449289    0.000000000    0.000000000   -0.689449804
     0.000000000    0.000000000   -0.243063244    0.000000000    0.000000000
     0.000000000   -0.050590726    0.000000000    0.000000000    0.000000000
     0.000000000    0.465835226    0.000000000    0.000000000    0.000000000
     0.000000000   -0.007589135    0.000000000    0.000000000    0.000000000
     1.130955624    0.359797278    0.378606448    0.016427234    0.000000000
    -0.157335364    0.209726530    0.000000000   -0.021816764    0.136174177
     0.124001811    0.000000000   -0.034479859   -0.014081139    0.000000000
    -0.359797278   -0.378606449   -0.016427234    0.000000000   -0.157335364
    -0.209726530    0.000000000   -0.021816764   -0.136174177   -0.124001811
     0.000000000   -0.034479859    0.014081139    0.000000000
     0.010962687    0.041629974   -0.105825420   -0.228370186   -0.188381632
     0.000000000   -0.152799841    0.115215278    0.000000000   -0.173414116
     0.133966036    0.000000000   -0.173403327    0.115688092    0.000282269
     0.000000000   -0.003500889   -0.001589393    0.000000000   -0.003187147
     0.000000000    0.032235895    0.016540682    0.000000000   -0.001267149
     0.000000000   -0.001796083   -0.002797923    0.000000000    0.000000000
     0.001567828    0.525489250    0.988083017    0.036103167    0.000000000
    -0.002087035    0.001257143    0.000000000   -0.036608119    0.029548914
     0.000125712    0.000000000   -0.003962771   -0.002565852    0.000000000
    -0.012047339   -0.016208047   -0.028543012    0.000000000   -0.000289220
     0.000859548    0.000000000    0.000836043   -0.004015847    0.000170296
     0.000000000    0.000148658    0.000160115    0.000000000
    -0.024047245    0.055102688   -0.276891453    0.591849692    2.679327192
     0.000000000   -0.100348601    0.083489639    0.000000000    0.488006939
    -0.493644084    0.000000000    1.377096295   -0.781110062   -0.006382299
     0.000000000    0.041996768    0.023134013    0.000000000    0.072063573
     0.000000000   -0.386702764   -0.240753813    0.000000000    0.014099503
     0.000000000    0.012102205    0.030629152    0.000000000    0.000000000
    -0.012280085   -0.698530528   -0.595670678   -3.075688593    0.000000000
     0.013273401   -0.005058178    0.000000000    1.079512882   -0.838921074
    -0.004213128    0.000000000    0.119527512    0.080066949    0.000000000
     0.067895893   -0.203023764    0.728005223    0.000000000   -0.014067855
    -0.030279065    0.000000000   -0.030688699    0.105712259    0.002650242
     0.000000000   -0.012522494   -0.014716864    0.000000000
     0.010258726    0.010280317   -0.018475450   -0.492685488   -1.245528386
     0.000000000   -0.020767780    0.007709712    0.000000000   -0.294519209
     0.278114718    0.000000000   -0.717156720    0.460703312    0.002391212
     0.000000000   -0.007164595   -0.005714763    0.000000000   -0.026999557
     0.000000000    0.065971000    0.059473084    0.000000000   -0.001926659
     0.000000000    0.002040397   -0.003949574    0.000000000    0.000000000
    -0.000742497   -1.361623013    2.561294510    0.730573224    0.000000000
     0.002848663   -0.003493733    0.000000000   -0.462518894    0.353702738
     0.001894616    0.000000000   -0.051684226   -0.035083611    0.000000000
     0.002131405    0.056660246   -0.272483726    0.000000000    0.010023182
     0.013845320    0.000000000    0.014215831   -0.043045311   -0.002492158
     0.000000000    0.006804486    0.008072961    0.000000000
     0.000000000    0.000000000    0.000000000    0.000000000    0.000000000
     0.029471614    0.000000000    0.000000000   -0.399762120    0.000000000
     0.000000000   -0.603778705    0.000000000    0.000000000    0.000000000
    -0.047247797    0.000000000    0.000000000    0.053637592    0.000000000
     0.534260327    0.000000000    0.000000000   -0.606513728    0.000000000
    -0.047479615    0.000000000    0.000000000    0.133913318    0.110245197
     0.000000000    0.000000000    0.000000000    0.000000000    0.423727998
     0.000000000    0.000000000    1.304150189    0.000000000    0.000000000
     0.000000000    0.168313453    0.000000000    0.000000000   -0.218723680
     0.000000000    0.000000000    0.000000000   -0.016698882    0.000000000
     0.000000000    0.104415019    0.000000000    0.000000000    0.000000000
    -0.020499391    0.000000000    0.000000000    0.023491938
     0.000000000    0.000000000    0.000000000    0.000000000    0.000000000
    -0.006209299    0.000000000    0.000000000    0.093323469    0.000000000
     0.000000000    0.453218495    0.000000000    0.000000000    0.000000000
     0.009464303    0.000000000    0.000000000   -0.006757098    0.000000000
    -0.107018779    0.000000000    0.000000000    0.076406719    0.000000000
    -0.014008377    0.000000000    0.000000000    0.054904121    0.033471502
     0.000000000    0.000000000    0.000000000    0.000000000    1.273321467
     0.000000000    0.000000000   -1.298854177    0.000000000    0.000000000
     0.000000000   -0.035568064    0.000000000    0.000000000    0.048056570
     0.000000000    0.000000000    0.000000000    0.005475473    0.000000000
     0.000000000   -0.080111180    0.000000000    0.000000000    0.000000000
    -0.012176349    0.000000000    0.000000000    0.002147766
    -0.056251477   -0.118096656    0.248819890    1.747813642    3.682193839
     0.000000000    0.061901419   -0.043368643    0.000000000    2.215464873
    -1.560778702    0.000000000    0.953863064   -1.524451176   -0.049848328
     0.000000000    0.140808165    0.035865375    0.000000000    0.562845510
     0.000000000   -1.296549942   -0.373248074    0.000000000   -0.006752608
     0.000000000    0.183357761    0.089873652    0.000000000    0.000000000
    -0.055964256   -0.025107141   -5.673442734   -0.639244445    0.000000000
     0.722106199   -0.279010548    0.000000000    3.097911688   -1.237586226
     0.115006499    0.000000000    0.373063600    0.353798119    0.000000000
     0.139269302    0.118472288   -0.062286122    0.000000000    0.048930628
     0.133820162    0.000000000    0.357161949    0.269740460    0.025942687
     0.000000000    0.046155032   -0.064828745    0.000000000
    -0.010032050   -0.015350447   -0.034718932   -0.493173687   -1.190831066
     0.000000000    0.007162208   -0.041697812    0.000000000   -0.027934349
     0.181683390    0.000000000    0.069617233    0.499153620   -0.002002119
     0.000000000    0.041765034    0.009675453    0.000000000    0.022606252
     0.000000000   -0.384568980   -0.100691662    0.000000000    0.019887425
     0.000000000    0.125003610    0.114504035    0.000000000    0.000000000
    -0.066956993   -0.477089968    1.080518483    0.481545533    0.000000000
     1.470831544   -0.097341110    0.000000000   -1.859865986    0.363158318
    -0.003449451    0.000000000   -0.094563498   -0.089138229    0.000000000
     0.131162303    0.296380883   -0.035295576    0.000000000    0.059315309
    -0.000927695    0.000000000   -0.163471712    0.117490184   -0.002692086
     0.000000000    0.032011661    0.069487754    0.000000000
     0.036931117    0.105598428   -0.273220969   -1.297923551   -2.385090514
     0.000000000    0.010717945    0.097397600    0.000000000   -2.179097418
     0.689406607    0.000000000   -1.590601322    0.324313147   -0.047955028
     0.000000000   -0.108794879   -0.071604853    0.000000000    0.541467954
     0.000000000    1.001774256    0.745185954    0.000000000   -0.113934280
     0.000000000   -0.014676971   -0.085314025    0.000000000    0.000000000
     0.119122239    0.085302774    4.388280298    0.574147622    0.000000000
    -0.278382987    0.632694046    0.000000000   -1.334231000    2.386070192
     0.201294113    0.000000000   -0.395865752   -0.109730578    0.000000000
    -0.122269641   -0.969548130    0.012834575    0.000000000   -0.193873881
     0.006117879    0.000000000   -0.242102628   -0.247545058    0.070859601
     0.000000000   -0.015216118    0.070380802    0.000000000
     0.011777232    0.005180788    0.068901700    0.345890764    0.660220187
     0.000000000   -0.040259487    0.024029364    0.000000000    0.272105116
    -0.065936566    0.000000000    0.657922913    0.107751750    0.004035354
     0.000000000   -0.016270836   -0.013095676    0.000000000   -0.045563836
     0.000000000    0.149820517    0.136285651    0.000000000   -0.081376688
     0.000000000   -0.018771014   -0.116490120    0.000000000    0.000000000
     0.066920294    0.318189436   -0.932467023   -0.445169483    0.000000000
    -0.094810627    1.377155365    0.000000000    0.417699610   -1.639632443
    -0.030545723    0.000000000    0.099318127    0.039923794    0.000000000
    -0.029745085    0.330720082    0.077633573    0.000000000    0.034493642
     0.005141826    0.000000000   -0.047108896    0.131005911    0.022071756
     0.000000000    0.019865745    0.001523211    0.000000000
     0.000000000    0.000000000    0.000000000    0.000000000    0.000000000
     0.008853950    0.000000000    0.000000000    0.611144747    0.000000000
     0.000000000    0.114814352    0.000000000    0.000000000    0.000000000
     0.057632737    0.000000000    0.000000000   -0.044719977    0.000000000
    -0.651689318    0.000000000    0.000000000    0.505676690    0.000000000
     0.157242520    0.000000000    0.000000000   -0.267647648   -0.160568799
     0.000000000    0.000000000    0.000000000    0.000000000   -0.150987837
     0.000000000    0.000000000   -0.551274839    0.000000000    0.000000000
     0.000000000   -0.241270977    0.000000000    0.000000000    1.369682256
     0.000000000    0.000000000    0.000000000   -0.031192209    0.000000000
     0.000000000   -0.047217858    0.000000000    0.000000000    0.000000000
     0.016415969    0.000000000    0.000000000   -0.053741542
     0.000000000    0.000000000    0.000000000    0.000000000    0.000000000
    -0.013350376    0.000000000    0.000000000   -0.424914308    0.000000000
     0.000000000   -0.066182549    0.000000000    0.000000000    0.000000000
    -0.018547303    0.000000000    0.000000000    0.057867383    0.000000000
     0.209725925    0.000000000    0.000000000   -0.654342613    0.000000000
     0.026388599    0.000000000    0.000000000    0.197633044    0.211426643
     0.000000000    0.000000000    0.000000000    0.000000000    0.120255026
     0.000000000    0.000000000    0.426053512    0.000000000    0.000000000
     0.000000000    1.249026661    0.000000000    0.000000000   -0.243644859
     0.000000000    0.000000000    0.000000000   -0.048801617    0.000000000
     0.000000000   -0.024540251    0.000000000    0.000000000    0.000000000
    -0.050020360    0.000000000    0.000000000   -0.016577487
    -0.007520047   -0.127361532    0.496799404    1.196820807    1.237798428
     0.000000000    0.213593718   -0.216941597    0.000000000    1.326945477
    -0.553859839    0.000000000    0.363054115   -0.295186253    0.025579776
     0.000000000    0.058003359    0.027086670    0.000000000   -0.288825379
     0.000000000   -0.534090137   -0.281888795    0.000000000    0.140448867
     0.000000000    0.010987697    0.063901937    0.000000000    0.000000000
    -0.043124326    0.016862659   -2.649321707   -0.176150210    0.000000000
     0.182533236   -0.215403601    0.000000000    1.144259536   -1.110681932
    -0.134467847    0.000000000    1.457655326    0.166250708    0.000000000
     0.148019347    0.095882463   -0.059848588    0.000000000    0.113836609
    -0.024459269    0.000000000    0.063797212    0.069863748   -0.033567155
     0.000000000   -0.028549251   -0.026954507    0.000000000
    -0.005486939   -0.073944160    0.280353039    0.664846759    0.669679849
     0.000000000    0.145742889   -0.124430933    0.000000000    0.654044237
    -0.747487579    0.000000000    0.194001617   -0.230185200   -0.051977960
     0.000000000    0.033803265    0.000300162    0.000000000    0.586891534
     0.000000000   -0.311257672   -0.003123765    0.000000000   -0.153175983
     0.000000000    0.173171611    0.038576165    0.000000000    0.000000000
    -0.018101439    0.052612965   -1.765643089   -0.126550446    0.000000000
     0.179086155   -0.035382338    0.000000000    1.114370567   -0.338005526
     0.198463226    0.000000000    0.170876355    1.348175096    0.000000000
    -0.116958134    0.402264578    0.005497873    0.000000000   -0.081240855
     0.079580525    0.000000000    0.301395520    0.169582282    0.040242403
     0.000000000    0.027704471   -0.035710680    0.000000000
     0.001704454    0.019715021   -0.068060058   -0.103290876   -0.006348353
     0.000000000   -0.038857374    0.028102917    0.000000000   -0.325097446
    -0.509187968    0.000000000   -0.019933921   -0.163305875   -0.071939012
     0.000000000    0.032994592   -0.060996643    0.000000000    0.812274990
     0.000000000   -0.303811474    0.634787162    0.000000000   -0.149182391
     0.000000000    0.276526531   -0.062334087    0.000000000    0.000000000
     0.159215227   -0.012851464    0.042138882    0.012914112    0.000000000
     0.112851822    0.154238883    0.000000000    0.315184526    0.545104444
     1.442484632    0.000000000   -0.138044205    0.198226315    0.000000000
     0.105388325   -0.000038000   -0.005283381    0.000000000   -0.021354638
     0.123039193    0.000000000   -0.074593872    0.134833267    0.088635750
     0.000000000    0.034459919    0.040194365    0.000000000
     0.010962687    0.041629974   -0.105825420   -0.228370186   -0.188381632
     0.000000000    0.152799841    0.115215278    0.000000000    0.173414116
     0.133966036    0.000000000    0.173403327    0.115688092    0.000282269
     0.000000000    0.003500889   -0.001589393    0.000000000   -0.003187147
     0.000000000   -0.032235895    0.016540682    0.000000000   -0.001267149
     0.000000000    0.001796083   -0.002797923    0.000000000    0.000000000
    -0.001567828   -0.012047339   -0.016208047   -0.028543012    0.000000000
     0.000289220    0.000859548    0.000000000   -0.000836043   -0.004015847
     0.000170296    0.000000000   -0.000148658    0.000160115    0.000000000
     0.525489250    0.988083017    0.036103167    0.000000000    0.002087035
     0.001257143    0.000000000    0.036608119    0.029548914    0.000125712
     0.000000000    0.003962771   -0.002565852    0.000000000
    -0.024047245    0.055102688   -0.276891453    0.591849692    2.679327192
     0.000000000    0.100348601    0.083489639    0.000000000   -0.488006939
    -0.493644084    0.000000000   -1.377096295   -0.781110062   -0.006382299
     0.000000000   -0.041996768    0.023134013    0.000000000    0.072063573
     0.000000000    0.386702764   -0.240753813    0.000000000    0.014099503
     0.000000000   -0.012102205    0.030629152    0.000000000    0.000000000
     0.012280085    0.067895893   -0.203023764    0.728005223    0.000000000
     0.014067855   -0.030279065    0.000000000    0.030688699    0.105712259
     0.002650242    0.000000000    0.012522494   -0.014716864    0.000000000
    -0.698530528   -0.595670678   -3.075688593    0.000000000   -0.013273401
    -0.005058178    0.000000000   -1.079512882   -0.838921074   -0.004213128
     0.000000000   -0.119527512    0.080066949    0.000000000
     0.010258726    0.010280317   -0.018475450   -0.492685488   -1.245528386
     0.000000000    0.020767780    0.007709712    0.000000000    0.294519209
     0.278114718    0.000000000    0.717156720    0.460703312    0.002391212
     0.000000000    0.007164595   -0.005714763    0.000000000   -0.026999557
     0.000000000   -0.065971000    0.059473084    0.000000000   -0.001926659
     0.000000000   -0.002040397   -0.003949574    0.000000000    0.000000000
     0.000742497    0.002131405    0.056660246   -0.272483726    0.000000000
    -0.010023182    0.013845320    0.000000000   -0.014215831   -0.043045311
    -0.002492158    0.000000000   -0.006804486    0.008072961    0.000000000
    -1.361623013    2.561294510    0.730573224    0.000000000   -0.002848663
    -0.003493733    0.000000000    0.462518894    0.353702738    0.001894616
     0.000000000    0.051684226   -0.035083611    0.000000000
     0.000000000    0.000000000    0.000000000    0.000000000    0.000000000
     0.029471614    0.000000000    0.000000000   -0.399762120    0.000000000
     0.000000000   -0.603778705    0.000000000    0.000000000    0.000000000
    -0.047247797    0.000000000    0.000000000   -0.053637592    0.000000000
     0.534260327    0.000000000    0.000000000    0.606513728    0.000000000
    -0.047479615    0.000000000    0.000000000   -0.133913318    0.110245197
     0.000000000    0.000000000    0.000000000    0.000000000   -0.016698882
     0.000000000    0.000000000    0.104415019    0.000000000    0.000000000
     0.000000000   -0.020499391    0.000000000    0.000000000   -0.023491938
     0.000000000    0.000000000    0.000000000    0.423727998    0.000000000
     0.000000000    1.304150189    0.000000000    0.000000000    0.000000000
     0.168313453    0.000000000    0.000000000    0.218723680
     0.000000000    0.000000000    0.000000000    0.000000000    0.000000000
    -0.006209299    0.000000000    0.000000000    0.093323469    0.000000000
     0.000000000    0.453218495    0.000000000    0.000000000    0.000000000
     0.009464303    0.000000000    0.000000000    0.006757098    0.000000000
    -0.107018779    0.000000000    0.000000000   -0.076406719    0.000000000
    -0.014008377    0.000000000    0.000000000   -0.054904121    0.033471502
     0.000000000    0.000000000    0.000000000    0.000000000    0.005475473
     0.000000000    0.000000000   -0.080111180    0.000000000    0.000000000
     0.000000000   -0.012176349    0.000000000    0.000000000   -0.002147766
     0.000000000    0.000000000    0.000000000    1.273321467    0.000000000
     0.000000000   -1.298854177    0.000000000    0.000000000    0.000000000
    -0.035568064    0.000000000    0.000000000   -0.048056570
     0.056251477    0.118096656   -0.248819890   -1.747813642   -3.682193839
     0.000000000    0.061901419    0.043368643    0.000000000    2.215464873
     1.560778702    0.000000000    0.953863064    1.524451176    0.049848328
     0.000000000    0.140808165   -0.035865375    0.000000000   -0.562845511
     0.000000000   -1.296549942    0.373248074    0.000000000    0.006752608
     0.000000000    0.183357761   -0.089873652    0.000000000    0.000000000
    -0.055964256   -0.139269302   -0.118472288    0.062286122    0.000000000
     0.048930628   -0.133820162    0.000000000    0.357161949   -0.269740460
    -0.025942687    0.000000000    0.046155032    0.064828745    0.000000000
     0.025107141    5.673442734    0.639244445    0.000000000    0.722106199
     0.279010548    0.000000000    3.097911688    1.237586226   -0.115006499
     0.000000000    0.373063600   -0.353798119    0.000000000
     0.010032050    0.015350447    0.034718932    0.493173687    1.190831066
     0.000000000    0.007162208    0.041697812    0.000000000   -0.027934349
    -0.181683390    0.000000000    0.069617233   -0.499153620    0.002002119
     0.000000000    0.041765034   -0.009675453    0.000000000   -0.022606252
     0.000000000   -0.384568980    0.100691662    0.000000000   -0.019887425
     0.000000000    0.125003610   -0.114504035    0.000000000    0.000000000
    -0.066956993   -0.131162303   -0.296380883    0.035295576    0.000000000
     0.059315309    0.000927695    0.000000000   -0.163471713   -0.117490184
     0.002692086    0.000000000    0.032011661   -0.069487754    0.000000000
     0.477089968   -1.080518483   -0.481545533    0.000000000    1.470831544
     0.097341110    0.000000000   -1.859865986   -0.363158318    0.003449451
     0.000000000   -0.094563498    0.089138229    0.000000000
     0.036931117    0.105598428   -0.273220969   -1.297923551   -2.385090514
     0.000000000   -0.010717945    0.097397600    0.000000000    2.179097418
     0.689406607    0.000000000    1.590601322    0.324313147   -0.047955028
     0.000000000    0.108794879   -0.071604853    0.000000000    0.541467954
     0.000000000   -1.001774256    0.745185954    0.000000000   -0.113934280
     0.000000000    0.014676971   -0.085314025    0.000000000    0.000000000
    -0.119122239   -0.122269641   -0.969548130    0.012834575    0.000000000
     0.193873881    0.006117879    0.000000000    0.242102628   -0.247545059
     0.070859601    0.000000000    0.015216118    0.070380802    0.000000000
     0.085302774    4.388280298    0.574147622    0.000000000    0.278382987
     0.632694046    0.000000000    1.334231000    2.386070192    0.201294113
     0.000000000    0.395865752   -0.109730578    0.000000000
     0.011777232    0.005180788    0.068901700    0.345890764    0.660220187
     0.000000000    0.040259487    0.024029364    0.000000000   -0.272105116
    -0.065936566    0.000000000   -0.657922914    0.107751750    0.004035354
     0.000000000    0.016270836   -0.013095676    0.000000000   -0.045563836
     0.000000000   -0.149820517    0.136285651    0.000000000   -0.081376688
     0.000000000    0.018771014   -0.116490120    0.000000000    0.000000000
    -0.066920294   -0.029745085    0.330720082    0.077633573    0.000000000
    -0.034493642    0.005141826    0.000000000    0.047108896    0.131005911
     0.022071756    0.000000000   -0.019865745    0.001523211    0.000000000
     0.318189436   -0.932467023   -0.445169483    0.000000000    0.094810627
     1.377155365    0.000000000   -0.417699610   -1.639632443   -0.030545723
     0.000000000   -0.099318127    0.039923794    0.000000000
     0.000000000    0.000000000    0.000000000    0.000000000    0.000000000
    -0.008853950    0.000000000    0.000000000   -0.611144747    0.000000000
     0.000000000   -0.114814352    0.000000000    0.000000000    0.000000000
    -0.057632737    0.000000000    0.000000000   -0.044719977    0.000000000
     0.651689318    0.000000000    0.000000000    0.505676690    0.000000000
    -0.157242520    0.000000000    0.000000000   -0.267647648    0.160568799
     0.000000000    0.000000000    0.000000000    0.000000000    0.031192209
     0.000000000    0.000000000    0.047217858    0.000000000    0.000000000
     0.000000000   -0.016415969    0.000000000    0.000000000   -0.053741542
     0.000000000    0.000000000    0.000000000    0.150987837    0.000000000
     0.000000000    0.551274839    0.000000000    0.000000000    0.000000000
     0.241270977    0.000000000    0.000000000    1.369682256
     0.000000000    0.000000000    0.000000000    0.000000000    0.000000000
    -0.013350376    0.000000000    0.000000000   -0.424914308    0.000000000
     0.000000000   -0.066182549    0.000000000    0.000000000    0.000000000
    -0.018547303    0.000000000    0.000000000   -0.057867383    0.000000000
     0.209725925    0.000000000    0.000000000    0.654342613    0.000000000
     0.026388599    0.000000000    0.000000000   -0.197633044    0.211426643
     0.000000000    0.000000000    0.000000000    0.000000000   -0.048801617
     0.000000000    0.000000000   -0.024540251    0.000000000    0.000000000
     0.000000000   -0.050020360    0.000000000    0.000000000    0.016577487
     0.000000000    0.000000000    0.000000000    0.120255026    0.000000000
     0.000000000    0.426053512    0.000000000    0.000000000    0.000000000
     1.249026661    0.000000000    0.000000000    0.243644859
     0.007520047    0.127361532   -0.496799404   -1.196820807   -1.237798428
     0.000000000    0.213593718    0.216941597    0.000000000    1.326945477
     0.553859839    0.000000000    0.363054115    0.295186254   -0.025579776
     0.000000000    0.058003359   -0.027086670    0.000000000    0.288825378
     0.000000000   -0.534090137    0.281888795    0.000000000   -0.140448867
     0.000000000    0.010987697   -0.063901937    0.000000000    0.000000000
    -0.043124326   -0.148019347   -0.095882463    0.059848588    0.000000000
     0.113836609    0.024459269    0.000000000    0.063797212   -0.069863748
     0.033567155    0.000000000   -0.028549251    0.026954507    0.000000000
    -0.016862659    2.649321707    0.176150210    0.000000000    0.182533236
     0.215403601    0.000000000    1.144259536    1.110681932    0.134467847
     0.000000000    1.457655326   -0.166250708    0.000000000
    -0.005486939   -0.073944160    0.280353039    0.664846759    0.669679849
     0.000000000   -0.145742889   -0.124430933    0.000000000   -0.654044237
    -0.747487579    0.000000000   -0.194001617   -0.230185200   -0.051977960
     0.000000000   -0.033803265    0.000300162    0.000000000    0.586891534
     0.000000000    0.311257672   -0.003123765    0.000000000   -0.153175983
     0.000000000   -0.173171611    0.038576164    0.000000000    0.000000000
     0.018101439   -0.116958134    0.402264578    0.005497873    0.000000000
     0.081240855    0.079580525    0.000000000   -0.301395520    0.169582282
     0.040242403    0.000000000   -0.027704471   -0.035710680    0.000000000
     0.052612965   -1.765643090   -0.126550446    0.000000000   -0.179086155
    -0.035382338    0.000000000   -1.114370567   -0.338005526    0.198463227
     0.000000000   -0.170876355    1.348175096    0.000000000
     0.001704454    0.019715021   -0.068060058   -0.103290876   -0.006348353
     0.000000000    0.038857374    0.028102917    0.000000000    0.325097446
    -0.509187968    0.000000000    0.019933921   -0.163305875   -0.071939012
     0.000000000   -0.032994592   -0.060996643    0.000000000    0.812274990
     0.000000000    0.303811475    0.634787162    0.000000000   -0.149182391
     0.000000000   -0.276526531   -0.062334087    0.000000000    0.000000000
    -0.159215227    0.105388325   -0.000038000   -0.005283381    0.000000000
     0.021354638    0.123039193    0.000000000    0.074593872    0.134833267
     0.088635750    0.000000000   -0.034459919    0.040194365    0.000000000
    -0.012851464    0.042138882    0.012914112    0.000000000   -0.112851822
     0.154238883    0.000000000   -0.315184526    0.545104444    1.442484632
     0.000000000    0.138044205    0.198226315    0.000000000
    1   1   1   1   1   1   1   1   1   1   1   1   1   1   1   1   1   1   1   1
    1   1   1   1   1   1   1   1   1   1   1   2   2   2   2   2   2   2   2   2
    2   2   2   2   2   3   3   3   3   3   3   3   3   3   3   3   3   3   3
   51  51  51  51  51 151 151 151 152 152 152 153 153 153 251 251 252 252 253 253
  254 254 255 255 351 352 353 354 355 356 357  51  51  51 151 151 152 152 153 153
  251 252 253 254 255  51  51  51 151 151 152 152 153 153 251 252 253 254 255
    1   1   0   0   0   1   0   0   1   0   0   1   0   0   0   0   0   0   0   0
    0   0   0   0   0   0   0   0   0   0   0   1   0   0   0   0   0   0   0   0
    0   0   0   0   0   1   0   0   0   0   0   0   0   0   0   0   0   0   0
 Water DF-BP86-D3(PCM)/def2-TZVPP                                               
 PNAO overlap matrix:
 -------------------------------------------------------------------------------
     1.000000000    0.000000000    1.000000000    0.000000000    0.000000000
     1.000000000    0.000000000    0.000000000    0.000000000    1.000000000
     0.000000000    0.000000000    0.000000000    0.000000000    1.000000000
     0.000000000    0.000000000    0.000000000    0.000000000    0.000000000
     1.000000000    0.000000000    0.000000000    0.000000000    0.000000000
     0.000000000    0.000000000    1.000000000    0.000000000    0.000000000
     0.000000000    0.000000000    0.000000000    0.000000000    0.000000000
     1.000000000    0.000000000    0.000000000    0.000000000    0.000000000
     0.000000000    0.000000000    0.000000000    0.000000000    1.000000000
     0.000000000    0.000000000    0.000000000    0.000000000    0.000000000
     0.000000000    0.000000000    0.000000000    0.000000000    1.000000000
     0.000000000    0.000000000    0.000000000    0.000000000    0.000000000
     0.000000000    0.000000000    0.000000000    0.000000000    0.000000000
     1.000000000    0.000000000    0.000000000    0.000000000    0.000000000
     0.000000000    0.000000000    0.000000000    0.000000000    0.000000000
     0.000000000    0.000000000    1.000000000    0.000000000    0.000000000
     0.000000000    0.000000000    0.000000000    0.000000000    0.000000000
     0.000000000    0.000000000    0.000000000    0.000000000    0.000000000
     1.000000000    0.000000000    0.000000000    0.000000000    0.000000000
     0.000000000    0.000000000    0.000000000    0.000000000    0.000000000
     0.000000000    0.000000000    0.000000000    0.000000000    1.000000000
     0.000000000    0.000000000    0.000000000    0.000000000    0.000000000
     0.000000000    0.000000000    0.000000000    0.000000000    0.000000000
     0.000000000    0.000000000    0.000000000    0.000000000    1.000000000
     0.000000000    0.000000000    0.000000000    0.000000000    0.000000000
     0.000000000    0.000000000    0.000000000    0.000000000    0.000000000
     0.000000000    0.000000000    0.000000000    0.000000000    0.000000000
     1.000000000    0.000000000    0.000000000    0.000000000    0.000000000
     0.000000000    0.000000000    0.000000000    0.000000000    0.000000000
     0.000000000    0.000000000    0.000000000    0.000000000    0.000000000
     0.000000000    0.000000000    1.000000000    0.000000000    0.000000000
     0.000000000    0.000000000    0.000000000    0.000000000    0.000000000
     0.000000000    0.000000000    0.000000000    0.000000000    0.000000000
     0.000000000    0.000000000    0.000000000    0.000000000    0.000000000
     1.000000000    0.000000000    0.000000000    0.000000000    0.000000000
     0.000000000    0.000000000    0.000000000    0.000000000    0.000000000
     0.000000000    0.000000000    0.000000000    0.000000000    0.000000000
     0.000000000    0.000000000    0.000000000    0.000000000    1.000000000
     0.000000000    0.000000000    0.000000000    0.000000000    0.000000000
     0.000000000    0.000000000    0.000000000    0.000000000    0.000000000
     0.000000000    0.000000000    0.000000000    0.000000000    0.000000000
     0.000000000    0.000000000    0.000000000    0.000000000    1.000000000
     0.000000000    0.000000000    0.000000000    0.000000000    0.000000000
     0.000000000    0.000000000    0.000000000    0.000000000    0.000000000
     0.000000000    0.000000000    0.000000000    0.000000000    0.000000000
     0.000000000    0.000000000    0.000000000    0.000000000    0.000000000
     1.000000000    0.000000000    0.000000000    0.000000000    0.000000000
     0.000000000    0.000000000    0.000000000    0.000000000    0.000000000
     0.000000000    0.000000000    0.000000000    0.000000000    0.000000000
     0.000000000    0.000000000    0.000000000    0.000000000    0.000000000
     0.000000000    0.000000000    1.000000000    0.000000000    0.000000000
     0.000000000    0.000000000    0.000000000    0.000000000    0.000000000
     0.000000000    0.000000000    0.000000000    0.000000000    0.000000000
     0.000000000    0.000000000    0.000000000    0.000000000    0.000000000
     0.000000000    0.000000000    0.000000000    0.000000000    0.000000000
     1.000000000    0.000000000    0.000000000    0.000000000    0.000000000
     0.000000000    0.000000000    0.000000000    0.000000000    0.000000000
     0.000000000    0.000000000    0.000000000    0.000000000    0.000000000
     0.000000000    0.000000000    0.000000000    0.000000000    0.000000000
     0.000000000    0.000000000    0.000000000    0.000000000    1.000000000
     0.000000000    0.000000000    0.000000000    0.000000000    0.000000000
     0.000000000    0.000000000    0.000000000    0.000000000    0.000000000
     0.000000000    0.000000000    0.000000000    0.000000000    0.000000000
     0.000000000    0.000000000    0.000000000    0.000000000    0.000000000
     0.000000000    0.000000000    0.000000000    0.000000000    1.000000000
     0.000000000    0.000000000    0.000000000    0.000000000    0.000000000
     0.000000000    0.000000000    0.000000000    0.000000000    0.000000000
     0.000000000    0.000000000    0.000000000    0.000000000    0.000000000
     0.000000000    0.000000000    0.000000000    0.000000000    0.000000000
     0.000000000    0.000000000    0.000000000    0.000000000    0.000000000
     1.000000000    0.000000000    0.000000000    0.000000000    0.000000000
     0.000000000    0.000000000    0.000000000    0.000000000    0.000000000
     0.000000000    0.000000000    0.000000000    0.000000000    0.000000000
     0.000000000    0.000000000    0.000000000    0.000000000    0.000000000
     0.000000000    0.000000000    0.000000000    0.000000000    0.000000000
     0.000000000    0.000000000    1.000000000    0.000000000    0.000000000
     0.000000000    0.000000000    0.000000000    0.000000000    0.000000000
     0.000000000    0.000000000    0.000000000    0.000000000    0.000000000
     0.000000000    0.000000000    0.000000000    0.000000000    0.000000000
     0.000000000    0.000000000    0.000000000    0.000000000    0.000000000
     0.000000000    0.000000000    0.000000000    0.000000000    0.000000000
     1.000000000    0.000000000    0.000000000    0.000000000    0.000000000
     0.000000000    0.000000000    0.000000000    0.000000000    0.000000000
     0.000000000    0.000000000    0.000000000    0.000000000    0.000000000
     0.000000000    0.000000000    0.000000000    0.000000000    0.000000000
     0.000000000    0.000000000    0.000000000    0.000000000    0.000000000
     0.000000000    0.000000000    0.000000000    0.000000000    1.000000000
     0.000000000    0.000000000    0.000000000    0.000000000    0.000000000
     0.000000000    0.000000000    0.000000000    0.000000000    0.000000000
     0.000000000    0.000000000    0.000000000    0.000000000    0.000000000
     0.000000000    0.000000000    0.000000000    0.000000000    0.000000000
     0.000000000    0.000000000    0.000000000    0.000000000    0.000000000
     0.000000000    0.000000000    0.000000000    0.000000000    1.000000000
     0.000000000    0.000000000    0.000000000    0.000000000    0.000000000
     0.000000000    0.000000000    0.000000000    0.000000000    0.000000000
     0.000000000    0.000000000    0.000000000    0.000000000    0.000000000
     0.000000000    0.000000000    0.000000000    0.000000000    0.000000000
     0.000000000    0.000000000    0.000000000    0.000000000    0.000000000
     0.000000000    0.000000000    0.000000000    0.000000000    0.000000000
     1.000000000    0.064309383    0.487118088    0.303146123    0.003126989
     0.001906460    0.000000000    0.000000000    0.000000000    0.422626192
    -0.131649042   -0.247985482   -0.331201358    0.103169994    0.194339892
     0.000000000    0.000000000    0.000000000    0.000000000   -0.268987411
     0.032339555   -0.171619352    0.020633283    0.022620130   -0.002719551
     0.023348699    0.000000000    0.029999600    0.051040629    0.000000000
     0.000000000   -0.026589164    1.000000000    0.049644310    0.036348827
    -0.193954444    0.052865695   -0.010716517    0.000000000    0.000000000
     0.000000000    0.096925882   -0.101558084   -0.013173904   -0.075958339
     0.079588478    0.010324052    0.000000000    0.000000000    0.000000000
     0.000000000    0.204437400   -0.003896768    0.130435154   -0.002486216
    -0.017191885    0.000327693   -0.089428132    0.000000000   -0.114901828
    -0.195491323    0.000000000    0.000000000    0.101839477    0.000000000
     1.000000000    0.035376223    0.298916142    0.437575107   -0.317514325
     0.064738095    0.000000000    0.000000000    0.000000000   -0.103467073
    -0.248648059    0.052646825    0.081084504    0.194859137   -0.041257973
     0.000000000    0.000000000    0.000000000    0.000000000    0.259976444
    -0.022882127    0.165870175   -0.014599255   -0.021862365    0.001924241
    -0.039434500    0.000000000   -0.050667457   -0.086204445    0.000000000
     0.000000000    0.044907444    0.000000000    0.000000000    1.000000000
     0.000000000    0.000000000    0.000000000    0.000000000    0.000000000
     0.486755701   -0.182134816   -0.274049860    0.000000000    0.000000000
     0.000000000    0.000000000    0.000000000    0.000000000    0.334112891
    -0.041600227   -0.261835743    0.032601036    0.000000000    0.000000000
     0.000000000    0.000000000    0.000000000    0.000000000    0.000000000
     0.012135927    0.000000000    0.000000000   -0.041295575   -0.032268847
     0.000000000    0.000000000    0.000000000    0.000000000    1.000000000
     0.000000000    0.000000000    0.000000000    0.000000000    0.000000000
    -0.011864403    0.107429551   -0.012169406    0.000000000    0.000000000
     0.000000000    0.000000000    0.000000000    0.000000000    0.191096720
    -0.008311407   -0.149757621    0.006513438    0.000000000    0.000000000
     0.000000000    0.000000000    0.000000000    0.000000000    0.000000000
     0.062623703    0.000000000    0.000000000   -0.213093053   -0.166513415
     0.000000000    0.000000000    0.000000000    0.000000000    0.000000000
     1.000000000   -0.122287887   -0.456097404    0.089964111   -0.171802452
     0.033992218    0.000000000    0.000000000    0.000000000    0.135855574
    -0.297042265   -0.128917515    0.274991471    0.090050035   -0.113736514
     0.000000000    0.000000000    0.000000000    0.000000000   -0.059326942
    -0.003322306   -0.204908222    0.018680416   -0.209929870    0.027038827
     0.045602283    0.000000000    0.012965444    0.071057895    0.000000000
     0.000000000   -0.047773265    0.000000000    0.000000000    0.000000000
     0.000000000    0.000000000    1.000000000    0.023590553   -0.014019515
     0.076401614   -0.064160579    0.044363799    0.000000000    0.000000000
     0.000000000   -0.156309060   -0.103182568   -0.030416404    0.113197590
     0.165051341    0.014299706    0.000000000    0.000000000    0.000000000
     0.000000000    0.220549494    0.126737235    0.045166632    0.085016597
    -0.141470215   -0.005311463    0.002970402    0.000000000   -0.231625943
    -0.141239949    0.000000000    0.000000000    0.018073231    0.000000000
     0.000000000    0.000000000    0.000000000    0.000000000    0.000000000
     1.000000000    0.095833895    0.357431892   -0.070502577    0.134637196
    -0.026638834    0.000000000    0.000000000    0.000000000    0.274991471
     0.090050035   -0.113736514    0.271251905   -0.252704729   -0.184917457
     0.000000000    0.000000000    0.000000000    0.000000000    0.175411913
    -0.013448021   -0.101254401    0.017961671   -0.288996131    0.035277013
    -0.006010515    0.000000000   -0.065944108   -0.049671374    0.000000000
     0.000000000    0.012150416    0.000000000    0.000000000    0.000000000
     0.000000000    0.000000000    0.000000000    0.000000000    1.000000000
    -0.018487314    0.010986736   -0.059873995    0.050281008   -0.034766777
     0.000000000    0.000000000    0.000000000    0.113197590    0.165051341
     0.014299706   -0.100574464   -0.021916971   -0.023375721    0.000000000
     0.000000000    0.000000000    0.000000000   -0.099103513   -0.102527728
    -0.185153558   -0.060111899   -0.148521212    0.015444063    0.151068291
     0.000000000   -0.106333765    0.141724094    0.000000000    0.000000000
    -0.144655842    0.000000000    0.000000000    0.000000000    0.000000000
     0.000000000    0.000000000    0.000000000    0.000000000    1.000000000
     0.000000000    0.000000000    0.000000000    0.000000000    0.000000000
    -0.220796911   -0.175158450    0.030042081    0.000000000    0.000000000
     0.000000000    0.000000000    0.000000000    0.000000000   -0.141157726
    -0.093637197    0.299704696    0.061603759    0.000000000    0.000000000
     0.000000000    0.000000000    0.000000000    0.000000000    0.000000000
    -0.164444970    0.000000000    0.000000000    0.219477229    0.059517013
     0.000000000    0.000000000    0.000000000    0.000000000    0.000000000
     0.000000000    0.000000000    0.000000000    0.000000000    0.000000000
     1.000000000    0.000000000    0.000000000    0.000000000    0.000000000
     0.000000000    0.173032902    0.137267206   -0.023543212    0.000000000
     0.000000000    0.000000000    0.000000000    0.000000000    0.000000000
     0.299704696    0.061603759    0.006406545   -0.063305627    0.000000000
     0.000000000    0.000000000    0.000000000    0.000000000    0.000000000
     0.000000000   -0.097723611    0.000000000    0.000000000   -0.101437191
    -0.222161647    0.000000000    0.000000000    0.000000000    0.000000000
     0.000000000    0.000000000    0.000000000    0.000000000    0.000000000
     0.000000000    0.000000000    1.000000000   -0.100401247   -0.179317729
     0.248650059    0.093377136    0.008780887    0.000000000    0.000000000
     0.000000000   -0.126961511   -0.078005270   -0.201139601    0.014301053
    -0.006454907    0.169219837    0.000000000    0.000000000    0.000000000
     0.000000000   -0.021743678    0.131264292   -0.073663795    0.112689773
     0.143241475    0.012594349   -0.126976805    0.000000000    0.034937266
    -0.026955551    0.000000000    0.000000000   -0.034696262    0.000000000
     0.000000000    0.000000000    0.000000000    0.000000000    0.000000000
     0.000000000    0.000000000    0.000000000    0.000000000    0.000000000
     1.000000000   -0.064058006   -0.114408301    0.158643715    0.059576482
     0.005602381    0.000000000    0.000000000    0.000000000    0.029394470
     0.037810301   -0.143352132    0.149997207    0.107636238    0.088798194
     0.000000000    0.000000000    0.000000000    0.000000000   -0.073663795
     0.112689773    0.003060894    0.017565565   -0.239807662   -0.060041825
     0.175984719    0.000000000   -0.116895078   -0.010120039    0.000000000
     0.000000000    0.060089655    0.000000000    0.000000000    0.000000000
     0.000000000    0.000000000    0.000000000    0.000000000    0.000000000
     0.000000000    0.000000000    0.000000000    0.000000000    1.000000000
     0.008443106    0.015079480   -0.020909888   -0.007852423   -0.000738417
     0.000000000    0.000000000    0.000000000    0.152704777    0.119230824
    -0.002410077    0.180030942    0.144315622   -0.038889323    0.000000000
     0.000000000    0.000000000    0.000000000    0.143241475    0.012594349
    -0.239807662   -0.060041825   -0.196856747   -0.103669164    0.020854016
     0.000000000   -0.220111501    0.030261856    0.000000000    0.000000000
    -0.179436032    0.000000000    0.000000000    0.000000000    0.000000000
     0.000000000    0.000000000    0.000000000    0.000000000    0.000000000
     0.000000000    0.000000000    0.000000000    0.000000000    1.000000000
     0.064309383    0.487118088    0.303146123    0.003126989    0.001906460
     0.000000000    0.000000000    0.000000000   -0.422626192    0.131649042
     0.247985482   -0.331201358    0.103169994    0.194339892    0.000000000
     0.000000000    0.000000000    0.000000000    0.268987411   -0.032339555
    -0.171619352    0.020633283    0.022620130   -0.002719551    0.023348699
     0.000000000   -0.029999600    0.051040629    0.000000000    0.000000000
     0.026589164    0.176359474   -0.064482876    0.310070843    0.000000000
     0.000000000   -0.389000035    0.071870074    0.000000000    0.000000000
     0.000000000    0.000000000    0.000000000   -0.097904053   -0.056524931
     1.000000000    0.049644310    0.036348827   -0.193954444    0.052865695
    -0.010716517    0.000000000    0.000000000    0.000000000   -0.096925882
     0.101558084    0.013173904   -0.075958339    0.079588478    0.010324052
     0.000000000    0.000000000    0.000000000    0.000000000   -0.204437400
     0.003896768    0.130435154   -0.002486216   -0.017191885    0.000327693
    -0.089428132    0.000000000    0.114901828   -0.195491323    0.000000000
     0.000000000   -0.101839477   -0.064482876    0.105485105   -0.175253651
     0.000000000    0.000000000   -0.161803674   -0.028701018    0.000000000
     0.000000000    0.000000000    0.000000000    0.000000000   -0.100530716
    -0.058041436    0.000000000    1.000000000    0.035376223    0.298916142
     0.437575107   -0.317514325    0.064738095    0.000000000    0.000000000
     0.000000000    0.103467073    0.248648059   -0.052646825    0.081084504
     0.194859137   -0.041257973    0.000000000    0.000000000    0.000000000
     0.000000000   -0.259976444    0.022882127    0.165870175   -0.014599255
    -0.021862365    0.001924241   -0.039434500    0.000000000    0.050667457
    -0.086204445    0.000000000    0.000000000   -0.044907444    0.310070843
    -0.175253651    0.441533126    0.000000000    0.000000000   -0.070042900
    -0.005942208    0.000000000    0.000000000    0.000000000    0.000000000
     0.000000000    0.042035998    0.024269495    0.000000000    0.000000000
     1.000000000    0.000000000    0.000000000    0.000000000    0.000000000
     0.000000000    0.486755701   -0.182134816   -0.274049860    0.000000000
     0.000000000    0.000000000    0.000000000    0.000000000    0.000000000
    -0.334112891    0.041600227   -0.261835743    0.032601036    0.000000000
     0.000000000    0.000000000    0.000000000    0.000000000    0.000000000
     0.000000000    0.012135927    0.000000000    0.000000000    0.041295575
    -0.032268847    0.000000000    0.000000000    0.000000000    0.000000000
     0.232716573   -0.040790163    0.000000000    0.000000000    0.000000000
     0.000000000   -0.121848550    0.000000000    0.000000000    0.000000000
     0.000000000    0.000000000    0.000000000    0.000000000    1.000000000
     0.000000000    0.000000000    0.000000000    0.000000000    0.000000000
    -0.011864403    0.107429551   -0.012169406    0.000000000    0.000000000
     0.000000000    0.000000000    0.000000000    0.000000000   -0.191096720
     0.008311407   -0.149757621    0.006513438    0.000000000    0.000000000
     0.000000000    0.000000000    0.000000000    0.000000000    0.000000000
     0.062623703    0.000000000    0.000000000    0.213093053   -0.166513415
     0.000000000    0.000000000    0.000000000    0.000000000   -0.040790163
    -0.005368563    0.000000000    0.000000000    0.000000000    0.000000000
     0.029652122    0.000000000    0.000000000    0.000000000    0.000000000
     0.000000000    0.000000000    0.000000000    0.000000000    1.000000000
     0.122287887    0.456097404   -0.089964111    0.171802452   -0.033992218
     0.000000000    0.000000000    0.000000000    0.135855574   -0.297042265
    -0.128917515   -0.274991471   -0.090050035    0.113736514    0.000000000
     0.000000000    0.000000000    0.000000000   -0.059326942   -0.003322306
     0.204908222   -0.018680416    0.209929870   -0.027038827   -0.045602283
     0.000000000    0.012965444   -0.071057895    0.000000000    0.000000000
    -0.047773265    0.389000035    0.161803674    0.070042900    0.000000000
     0.000000000   -0.456908712   -0.041576608    0.000000000    0.000000000
     0.000000000    0.000000000    0.000000000   -0.148321134   -0.085633247
     0.000000000    0.000000000    0.000000000    0.000000000    0.000000000
     1.000000000   -0.023590553    0.014019515   -0.076401614    0.064160579
    -0.044363799    0.000000000    0.000000000    0.000000000   -0.156309060
    -0.103182568   -0.030416404   -0.113197590   -0.165051341   -0.014299706
     0.000000000    0.000000000    0.000000000    0.000000000    0.220549494
     0.126737235   -0.045166632   -0.085016597    0.141470215    0.005311463
    -0.002970402    0.000000000   -0.231625943    0.141239949    0.000000000
     0.000000000    0.018073231   -0.071870074    0.028701018    0.005942208
     0.000000000    0.000000000   -0.041576608    0.087154490    0.000000000
     0.000000000    0.000000000    0.000000000    0.000000000   -0.030182639
    -0.017425955    0.000000000    0.000000000    0.000000000    0.000000000
     0.000000000    0.000000000    1.000000000    0.095833895    0.357431892
    -0.070502577    0.134637196   -0.026638834    0.000000000    0.000000000
     0.000000000   -0.274991471   -0.090050035    0.113736514    0.271251905
    -0.252704729   -0.184917457    0.000000000    0.000000000    0.000000000
     0.000000000   -0.175411913    0.013448021   -0.101254401    0.017961671
    -0.288996131    0.035277013   -0.006010515    0.000000000    0.065944108
    -0.049671374    0.000000000    0.000000000   -0.012150416    0.000000000
     0.000000000    0.000000000    0.000000000    0.000000000    0.000000000
     0.000000000    0.232716573   -0.040790163    0.000000000    0.000000000
    -0.121848550    0.000000000    0.000000000    0.000000000    0.000000000
     0.000000000    0.000000000    0.000000000    0.000000000    0.000000000
     1.000000000   -0.018487314    0.010986736   -0.059873995    0.050281008
    -0.034766777    0.000000000    0.000000000    0.000000000   -0.113197590
    -0.165051341   -0.014299706   -0.100574464   -0.021916971   -0.023375721
     0.000000000    0.000000000    0.000000000    0.000000000    0.099103513
     0.102527728   -0.185153558   -0.060111899   -0.148521212    0.015444063
     0.151068291    0.000000000    0.106333765    0.141724094    0.000000000
     0.000000000    0.144655842    0.000000000    0.000000000    0.000000000
     0.000000000    0.000000000    0.000000000    0.000000000   -0.040790163
    -0.005368563    0.000000000    0.000000000    0.029652122    0.000000000
     0.000000000    0.000000000    0.000000000    0.000000000    0.000000000
     0.000000000    0.000000000    0.000000000    0.000000000    1.000000000
     0.000000000    0.000000000    0.000000000    0.000000000    0.000000000
     0.220796911    0.175158450   -0.030042081    0.000000000    0.000000000
     0.000000000    0.000000000    0.000000000    0.000000000   -0.141157726
    -0.093637197   -0.299704696   -0.061603759    0.000000000    0.000000000
     0.000000000    0.000000000    0.000000000    0.000000000    0.000000000
     0.164444970    0.000000000    0.000000000    0.219477229   -0.059517013
     0.000000000    0.000000000    0.000000000    0.000000000    0.121848550
    -0.029652122    0.000000000    0.000000000    0.000000000    0.000000000
    -0.095389414    0.000000000    0.000000000    0.000000000    0.000000000
     0.000000000    0.000000000    0.000000000    0.000000000    0.000000000
     0.000000000    0.000000000    0.000000000    0.000000000    1.000000000
     0.000000000    0.000000000    0.000000000    0.000000000    0.000000000
     0.173032902    0.137267206   -0.023543212    0.000000000    0.000000000
     0.000000000    0.000000000    0.000000000    0.000000000   -0.299704696
    -0.061603759    0.006406545   -0.063305627    0.000000000    0.000000000
     0.000000000    0.000000000    0.000000000    0.000000000    0.000000000
    -0.097723611    0.000000000    0.000000000    0.101437191   -0.222161647
     0.000000000    0.000000000    0.000000000    0.000000000    0.000000000
     0.000000000    0.000000000    0.000000000    0.000000000    0.000000000
     0.000000000    0.012212944    0.000000000    0.000000000    0.000000000
     0.000000000    0.000000000    0.000000000    0.000000000    0.000000000
     0.000000000    0.000000000    0.000000000    0.000000000    0.000000000
     1.000000000    0.100401247    0.179317729   -0.248650059   -0.093377136
    -0.008780887    0.000000000    0.000000000    0.000000000   -0.126961511
    -0.078005270   -0.201139601   -0.014301053    0.006454907   -0.169219837
     0.000000000    0.000000000    0.000000000    0.000000000   -0.021743678
     0.131264292    0.073663795   -0.112689773   -0.143241475   -0.012594349
     0.126976805    0.000000000    0.034937266    0.026955551    0.000000000
     0.000000000   -0.034696262    0.000000000    0.000000000    0.000000000
     0.000000000    0.000000000    0.000000000    0.000000000    0.121848550
    -0.029652122    0.000000000    0.000000000   -0.095389414    0.000000000
     0.000000000    0.000000000    0.000000000    0.000000000    0.000000000
     0.000000000    0.000000000    0.000000000    0.000000000    0.000000000
     0.000000000    0.000000000    1.000000000   -0.064058006   -0.114408301
     0.158643715    0.059576482    0.005602381    0.000000000    0.000000000
     0.000000000   -0.029394470   -0.037810301    0.143352132    0.149997207
     0.107636238    0.088798194    0.000000000    0.000000000    0.000000000
     0.000000000    0.073663795   -0.112689773    0.003060894    0.017565565
    -0.239807662   -0.060041825    0.175984719    0.000000000    0.116895078
    -0.010120039    0.000000000    0.000000000   -0.060089655   -0.097904053
    -0.100530716    0.042035998    0.000000000    0.000000000    0.148321134
     0.030182639    0.000000000    0.000000000    0.000000000    0.000000000
     0.000000000    0.141618710    0.074712454    0.000000000    0.000000000
     0.000000000    0.000000000    0.000000000    0.000000000    0.000000000
     0.000000000    0.000000000    0.000000000    0.000000000    0.000000000
     1.000000000    0.008443106    0.015079480   -0.020909888   -0.007852423
    -0.000738417    0.000000000    0.000000000    0.000000000   -0.152704777
    -0.119230824    0.002410077    0.180030942    0.144315622   -0.038889323
     0.000000000    0.000000000    0.000000000    0.000000000   -0.143241475
    -0.012594349   -0.239807662   -0.060041825   -0.196856747   -0.103669164
     0.020854016    0.000000000    0.220111501    0.030261856    0.000000000
     0.000000000    0.179436032   -0.056524931   -0.058041436    0.024269495
     0.000000000    0.000000000    0.085633247    0.017425955    0.000000000
     0.000000000    0.000000000    0.000000000    0.000000000    0.074712454
     0.055348199    0.000000000    0.000000000    0.000000000    0.000000000
     0.000000000    0.000000000    0.000000000    0.000000000    0.000000000
     0.000000000    0.000000000    0.000000000    0.000000000    1.000000000
