 Water DF-BP86-D3(PCM)/def2-TZVPP                                               
 PNLMOs in the AO basis:
 -------------------------------------------------------------------------------
     0.435705215    0.639466387    0.032957942   -0.017484592    0.004943838
     0.000000000    0.000000000   -0.000817141    0.000000000    0.000000000
     0.000068185    0.000000000    0.000000000    0.000678549    0.000074493
     0.000000000    0.000000000   -0.000459706    0.000000000   -0.000056573
     0.000000000    0.000000000    0.000157283    0.000000000    0.000060949
     0.000000000    0.000000000    0.000115850    0.000000000    0.000000000
     0.000000000   -0.000483550    0.000986353   -0.000862738    0.000000000
     0.000421090   -0.000300519    0.000000000   -0.000193213    0.000129463
    -0.000031653    0.000000000    0.000664720    0.000433345    0.000000000
    -0.000483550    0.000986353   -0.000862738    0.000000000   -0.000421090
    -0.000300519    0.000000000    0.000193213    0.000129463   -0.000031653
     0.000000000   -0.000664720    0.000433345    0.000000000
     0.000000000    0.000000000    0.000000000    0.000000000    0.000000000
     0.415568770    0.000000000    0.000000000    0.375007339    0.000000000
     0.000000000    0.400960151    0.000000000    0.000000000    0.000000000
     0.010405202    0.000000000    0.000000000    0.000000000    0.000000000
    -0.047335408    0.000000000    0.000000000    0.000000000    0.000000000
     0.003582237    0.000000000    0.000000000    0.000000000   -0.008472215
     0.000000000    0.000000000    0.000000000    0.000000000   -0.006244996
     0.000000000    0.000000000    0.027807591    0.000000000    0.000000000
     0.000000000   -0.000653399    0.000000000    0.000000000    0.001135913
     0.000000000    0.000000000    0.000000000   -0.006244996    0.000000000
     0.000000000    0.027807591    0.000000000    0.000000000    0.000000000
    -0.000653399    0.000000000    0.000000000   -0.001135913
    -0.078639225   -0.170980829    0.219040059    0.409155019    0.197048755
     0.000000000    0.000000000    0.289375604    0.000000000    0.000000000
     0.253293436    0.000000000    0.000000000    0.269117822    0.008212094
     0.000000000    0.000000000    0.002801961    0.000000000   -0.036513958
     0.000000000    0.000000000   -0.013017843    0.000000000    0.003792179
     0.000000000    0.000000000    0.000500786    0.000000000    0.000000000
     0.000000000   -0.031403794    0.044603160   -0.027189172    0.000000000
    -0.001064825   -0.006919049    0.000000000    0.006154711    0.017752395
    -0.001979053    0.000000000    0.001583232    0.001219324    0.000000000
    -0.031403794    0.044603160   -0.027189172    0.000000000    0.001064825
    -0.006919049    0.000000000   -0.006154711    0.017752395   -0.001979053
     0.000000000   -0.001583232    0.001219324    0.000000000
    -0.034505826   -0.076104622    0.100640733    0.182133575    0.074032795
     0.000000000    0.186871175   -0.138138805    0.000000000    0.232303203
    -0.160841309    0.000000000    0.144860783   -0.123862620   -0.004227147
     0.000000000    0.006272664    0.003568095    0.000000000    0.019800962
     0.000000000   -0.033831234   -0.017709885    0.000000000    0.000342286
     0.000000000    0.000180021    0.004606976    0.000000000    0.000000000
    -0.003351310    0.052099815    0.401158724   -0.051440360    0.000000000
    -0.010502985    0.012258028    0.000000000    0.003685650   -0.008151181
     0.001079207    0.000000000   -0.004108855   -0.003325131    0.000000000
    -0.011531615    0.009953930   -0.003308126    0.000000000    0.000737021
    -0.000513549    0.000000000    0.000375096   -0.007809064   -0.000249663
     0.000000000   -0.001591380    0.000683616    0.000000000
    -0.034505826   -0.076104622    0.100640733    0.182133575    0.074032795
     0.000000000   -0.186871175   -0.138138805    0.000000000   -0.232303203
    -0.160841309    0.000000000   -0.144860783   -0.123862620   -0.004227147
     0.000000000   -0.006272664    0.003568095    0.000000000    0.019800962
     0.000000000    0.033831234   -0.017709885    0.000000000    0.000342286
     0.000000000   -0.000180021    0.004606976    0.000000000    0.000000000
     0.003351310   -0.011531615    0.009953930   -0.003308126    0.000000000
    -0.000737021   -0.000513549    0.000000000   -0.000375096   -0.007809064
    -0.000249663    0.000000000    0.001591380    0.000683616    0.000000000
     0.052099815    0.401158724   -0.051440360    0.000000000    0.010502985
     0.012258028    0.000000000   -0.003685650   -0.008151181    0.001079207
     0.000000000    0.004108855   -0.003325131    0.000000000
     0.043905150    0.096812666   -0.127962990   -0.231584538   -0.094130832
     0.000000000   -0.240176253    0.175676941    0.000000000   -0.298567785
     0.204544124    0.000000000   -0.186182380    0.157521955    0.005375812
     0.000000000   -0.008061944   -0.004537165    0.000000000   -0.025181456
     0.000000000    0.043481607    0.022519655    0.000000000   -0.000435045
     0.000000000   -0.000231372   -0.005858318    0.000000000    0.000000000
     0.004307272    0.184275895    1.420710982   -0.182212304    0.000000000
    -0.037205454    0.043397757    0.000000000    0.013043153   -0.029013641
     0.003817116    0.000000000   -0.014519863   -0.011761737    0.000000000
     0.000256996    0.002012535   -0.000260516    0.000000000    0.000052657
     0.000060547    0.000000000   -0.000019097   -0.000038983    0.000005176
     0.000000000    0.000020307   -0.000016460    0.000000000
     0.043905150    0.096812666   -0.127962990   -0.231584538   -0.094130832
     0.000000000    0.240176253    0.175676941    0.000000000    0.298567785
     0.204544124    0.000000000    0.186182380    0.157521955    0.005375812
     0.000000000    0.008061944   -0.004537165    0.000000000   -0.025181456
     0.000000000   -0.043481607    0.022519655    0.000000000   -0.000435045
     0.000000000    0.000231372   -0.005858318    0.000000000    0.000000000
    -0.004307272    0.000256996    0.002012535   -0.000260516    0.000000000
    -0.000052657    0.000060547    0.000000000    0.000019097   -0.000038983
     0.000005176    0.000000000   -0.000020307   -0.000016460    0.000000000
     0.184275895    1.420710982   -0.182212304    0.000000000    0.037205454
     0.043397757    0.000000000   -0.013043153   -0.029013641    0.003817116
     0.000000000    0.014519863   -0.011761737    0.000000000
    -0.000383214   -0.000459984   -0.000451958   -0.000451742    0.000496114
     0.000000000    0.000000000   -0.782590307    0.000000000    0.000000000
     0.080704832    0.000000000    0.000000000    0.674003631    0.073016161
     0.000000000    0.000000000   -0.448189433    0.000000000   -0.057014117
     0.000000000    0.000000000    0.153946207    0.000000000    0.059472941
     0.000000000    0.000000000    0.112682607    0.000000000    0.000000000
     0.000000000    0.000000001   -0.000000003    0.000000001    0.000000000
     0.000000000    0.000000000    0.000000000    0.000000000    0.000000000
     0.000000000    0.000000000    0.000000000    0.000000000    0.000000000
     0.000000001   -0.000000003    0.000000001    0.000000000    0.000000000
     0.000000000    0.000000000    0.000000000    0.000000000    0.000000000
     0.000000000    0.000000000    0.000000000    0.000000000
     0.068141248    0.291162820   -0.789186173   -0.698883753    1.474268906
     0.000000000    0.000000000   -0.004566506    0.000000000    0.000000000
    -0.005073970    0.000000000    0.000000000   -0.004690148   -0.000166044
     0.000000000    0.000000000    0.000251278    0.000000000    0.000682473
     0.000000000    0.000000000   -0.000351990    0.000000000   -0.000025584
     0.000000000    0.000000000   -0.000048474    0.000000000    0.000000000
     0.000000000    0.000000000    0.000000000    0.000000000    0.000000000
     0.000000000    0.000000000    0.000000000    0.000000000    0.000000000
     0.000000000    0.000000000    0.000000000    0.000000000    0.000000000
     0.000000000    0.000000000    0.000000000    0.000000000    0.000000000
     0.000000000    0.000000000    0.000000000    0.000000000    0.000000000
     0.000000000    0.000000000    0.000000000    0.000000000
    -0.387604850    0.966016954   -3.059562659    4.236281096   -2.067494446
     0.000000000    0.000000000    0.000000000    0.000000000    0.000000000
     0.000000000    0.000000000    0.000000000    0.000000000    0.000000000
     0.000000000    0.000000000    0.000000000    0.000000000    0.000000000
     0.000000000    0.000000000    0.000000000    0.000000000    0.000000000
     0.000000000    0.000000000    0.000000000    0.000000000    0.000000000
     0.000000000    0.000000000    0.000000000    0.000000000    0.000000000
     0.000000000    0.000000000    0.000000000    0.000000000    0.000000000
     0.000000000    0.000000000    0.000000000    0.000000000    0.000000000
     0.000000000    0.000000000    0.000000000    0.000000000    0.000000000
     0.000000000    0.000000000    0.000000000    0.000000000    0.000000000
     0.000000000    0.000000000    0.000000000    0.000000000
    -1.336264589    1.410256752   -0.235968373   -0.415594411    0.333451521
     0.000000000    0.000000000    0.000000000    0.000000000    0.000000000
     0.000000000    0.000000000    0.000000000    0.000000000    0.000000000
     0.000000000    0.000000000    0.000000000    0.000000000    0.000000000
     0.000000000    0.000000000    0.000000000    0.000000000    0.000000000
     0.000000000    0.000000000    0.000000000    0.000000000    0.000000000
     0.000000000    0.000000000    0.000000000    0.000000000    0.000000000
     0.000000000    0.000000000    0.000000000    0.000000000    0.000000000
     0.000000000    0.000000000    0.000000000    0.000000000    0.000000000
     0.000000000    0.000000000    0.000000000    0.000000000    0.000000000
     0.000000000    0.000000000    0.000000000    0.000000000    0.000000000
     0.000000000    0.000000000    0.000000000    0.000000000
     0.000000000    0.000000000    0.000000000    0.000000000    0.000000000
    -0.474118271    0.000000000    0.000000000    1.559335261    0.000000000
     0.000000000   -1.401962602    0.000000000    0.000000000    0.000000000
     0.000273733    0.000000000    0.000000000    0.000000000    0.000000000
    -0.001337713    0.000000000    0.000000000    0.000000000    0.000000000
     0.000000000    0.000000000    0.000000000    0.000000000    0.000000000
     0.000000000    0.000000000    0.000000000    0.000000000    0.000000000
     0.000000000    0.000000000    0.000000000    0.000000000    0.000000000
     0.000000000    0.000000000    0.000000000    0.000000000    0.000000000
     0.000000000    0.000000000    0.000000000    0.000000000    0.000000000
     0.000000000    0.000000000    0.000000000    0.000000000    0.000000000
     0.000000000    0.000000000    0.000000000    0.000000000
     0.000000000    0.000000000    0.000000000    0.000000000    0.000000000
     1.171419627    0.000000000    0.000000000   -0.814226767    0.000000000
     0.000000000   -0.166230492    0.000000000    0.000000000    0.000000000
     0.000014680    0.000000000    0.000000000    0.000000000    0.000000000
    -0.000071741    0.000000000    0.000000000    0.000000000    0.000000000
     0.000005460    0.000000000    0.000000000    0.000000000   -0.000012913
     0.000000000    0.000000000    0.000000000    0.000000000    0.000000000
     0.000000000    0.000000000    0.000000000    0.000000000    0.000000000
     0.000000000    0.000000000    0.000000000    0.000000000    0.000000000
     0.000000000    0.000000000    0.000000000    0.000000000    0.000000000
     0.000000000    0.000000000    0.000000000    0.000000000    0.000000000
     0.000000000    0.000000000    0.000000000    0.000000000
     0.000000000    0.000000000    0.000000000    0.000000000    0.000000000
     0.000000000   -0.503899839    0.000000000    0.000000000    1.527419383
     0.000000000    0.000000000   -1.428065303    0.000000000    0.000000000
     0.000000000   -0.000664262    0.000000000    0.000000000    0.000000000
     0.000000000    0.003246194    0.000000000    0.000000000    0.000000000
     0.000000000    0.000000000    0.000000000    0.000000000    0.000000000
     0.000000000    0.000000000    0.000000000    0.000000000    0.000000000
     0.000000000    0.000000000    0.000000000    0.000000000    0.000000000
     0.000000000    0.000000000    0.000000000    0.000000000    0.000000000
     0.000000000    0.000000000    0.000000000    0.000000000    0.000000000
     0.000000000    0.000000000    0.000000000    0.000000000    0.000000000
     0.000000000    0.000000000    0.000000000    0.000000000
     0.000000000    0.000000000    0.000000000    0.000000000    0.000000000
     0.000000000    1.169393241    0.000000000    0.000000000   -0.816541673
     0.000000000    0.000000000   -0.167926978    0.000000000    0.000000000
     0.000000000   -0.000052195    0.000000000    0.000000000    0.000000000
     0.000000000    0.000255075    0.000000000    0.000000000    0.000000000
     0.000000000    0.000000000    0.000000000    0.000000000    0.000000000
     0.000025090    0.000000000    0.000000000    0.000000000    0.000000000
     0.000000000    0.000000000    0.000000000    0.000000000    0.000000000
     0.000000000    0.000000000    0.000000000    0.000000000    0.000000000
     0.000000000    0.000000000    0.000000000    0.000000000    0.000000000
     0.000000000    0.000000000    0.000000000    0.000000000    0.000000000
     0.000000000    0.000000000    0.000000000    0.000000000
    -0.002355140   -0.005151625    0.006689792    0.012328236    0.005545015
     0.000000000    0.000000000   -0.930897561    0.000000000    0.000000000
     1.747359104    0.000000000    0.000000000   -1.211879017    0.000014800
     0.000000000    0.000000000    0.000149494    0.000000000   -0.000072328
     0.000000000    0.000000000   -0.000730566    0.000000000    0.000000000
     0.000000000    0.000000000    0.000000000    0.000000000    0.000000000
     0.000000000    0.000000000    0.000000000    0.000000000    0.000000000
     0.000000000    0.000000000    0.000000000    0.000000000    0.000000000
     0.000000000    0.000000000    0.000000000    0.000000000    0.000000000
     0.000000000    0.000000000    0.000000000    0.000000000    0.000000000
     0.000000000    0.000000000    0.000000000    0.000000000    0.000000000
     0.000000000    0.000000000    0.000000000    0.000000000
     0.000000000    0.000000000    0.000000000    0.000000000    0.000000000
     0.000000000    0.000000000    0.000000000    0.000000000    0.000000000
     0.000000000    0.000000000    0.000000000    0.000000000    0.000000000
     0.000000000    0.000000000    0.000000000   -0.224273343    0.000000000
     0.000000000    0.000000000    0.000000000    1.096005342    0.000000000
     0.000000000    0.000000000    0.000000000    0.000000000    0.000000000
     0.000000000    0.000000000    0.000000000    0.000000000    0.000000000
     0.000000000    0.000000000    0.000000000    0.000000000    0.000000000
     0.000000000    0.000000000    0.000000000    0.000000000    0.000000000
     0.000000000    0.000000000    0.000000000    0.000000000    0.000000000
     0.000000000    0.000000000    0.000000000    0.000000000    0.000000000
     0.000000000    0.000000000    0.000000000    0.000000000
     0.000000000    0.000000000    0.000000000    0.000000000    0.000000000
     0.000000000    0.000000000    0.000000000    0.000000000    0.000000000
     0.000000000    0.000000000    0.000000000    0.000000000    0.000000000
     0.000000000    0.000000000    0.000000000    1.142059360    0.000000000
     0.000000000    0.000000000    0.000000000   -0.391625339    0.000000000
     0.000000000    0.000000000    0.000000000    0.000000000    0.000000000
     0.000000000    0.000000000    0.000000000    0.000000000    0.000000000
     0.000000000    0.000000000    0.000000000    0.000000000    0.000000000
     0.000000000    0.000000000    0.000000000    0.000000000    0.000000000
     0.000000000    0.000000000    0.000000000    0.000000000    0.000000000
     0.000000000    0.000000000    0.000000000    0.000000000    0.000000000
     0.000000000    0.000000000    0.000000000    0.000000000
     0.000000000    0.000000000    0.000000000    0.000000000    0.000000000
     0.018264632    0.000000000    0.000000000    0.018787073    0.000000000
     0.000000000    0.016383688    0.000000000    0.000000000    0.000000000
    -0.224055793    0.000000000    0.000000000    0.000000000    0.000000000
     1.094942191    0.000000000    0.000000000    0.000000000    0.000000000
     0.000000000    0.000000000    0.000000000    0.000000000    0.000000000
     0.000000000    0.000000000    0.000000000    0.000000000    0.000000000
     0.000000000    0.000000000    0.000000000    0.000000000    0.000000000
     0.000000000    0.000000000    0.000000000    0.000000000    0.000000000
     0.000000000    0.000000000    0.000000000    0.000000000    0.000000000
     0.000000000    0.000000000    0.000000000    0.000000000    0.000000000
     0.000000000    0.000000000    0.000000000    0.000000000
     0.000000000    0.000000000    0.000000000    0.000000000    0.000000000
    -0.000295578    0.000000000    0.000000000   -0.000266728    0.000000000
     0.000000000   -0.000285188    0.000000000    0.000000000    0.000000000
     1.142052235    0.000000000    0.000000000    0.000000000    0.000000000
    -0.391591765    0.000000000    0.000000000    0.000000000    0.000000000
    -0.000002548    0.000000000    0.000000000    0.000000000    0.000006026
     0.000000000    0.000000000    0.000000000    0.000000000    0.000000000
     0.000000000    0.000000000    0.000000000    0.000000000    0.000000000
     0.000000000    0.000000000    0.000000000    0.000000000    0.000000000
     0.000000000    0.000000000    0.000000000    0.000000000    0.000000000
     0.000000000    0.000000000    0.000000000    0.000000000    0.000000000
     0.000000000    0.000000000    0.000000000    0.000000000
     0.000000000    0.000000000    0.000000000    0.000000000    0.000000000
     0.000000000    0.027334429    0.000000000    0.000000000    0.028116302
     0.000000000    0.000000000    0.024519451    0.000000000    0.000000000
     0.000000000   -0.223785793    0.000000000    0.000000000    0.000000000
     0.000000000    1.093622723    0.000000000    0.000000000    0.000000000
     0.000000000    0.000000000    0.000000000    0.000000000    0.000000000
     0.000000000    0.000000000    0.000000000    0.000000000    0.000000000
     0.000000000    0.000000000    0.000000000    0.000000000    0.000000000
     0.000000000    0.000000000    0.000000000    0.000000000    0.000000000
     0.000000000    0.000000000    0.000000000    0.000000000    0.000000000
     0.000000000    0.000000000    0.000000000    0.000000000    0.000000000
     0.000000000    0.000000000    0.000000000    0.000000000
     0.000000000    0.000000000    0.000000000    0.000000000    0.000000000
     0.000000000    0.000513114    0.000000000    0.000000000    0.000637863
     0.000000000    0.000000000    0.000397761    0.000000000    0.000000000
     0.000000000    1.142077544    0.000000000    0.000000000    0.000000000
     0.000000000   -0.391718563    0.000000000    0.000000000    0.000000000
     0.000000000    0.000000000    0.000000000    0.000000000    0.000000000
    -0.000009202    0.000000000    0.000000000    0.000000000    0.000000000
     0.000000000    0.000000000    0.000000000    0.000000000    0.000000000
     0.000000000    0.000000000    0.000000000    0.000000000    0.000000000
     0.000000000    0.000000000    0.000000000    0.000000000    0.000000000
     0.000000000    0.000000000    0.000000000    0.000000000    0.000000000
     0.000000000    0.000000000    0.000000000    0.000000000
    -0.003424676   -0.007486802    0.009709703    0.017916431    0.008112875
     0.000000000    0.000000000   -0.006950720    0.000000000    0.000000000
    -0.007405323    0.000000000    0.000000000   -0.006632305   -0.000223150
     0.000000000    0.000000000   -0.223996911    0.000000000    0.001003933
     0.000000000    0.000000000    1.095242529    0.000000000   -0.000017176
     0.000000000    0.000000000   -0.000032543    0.000000000    0.000000000
     0.000000000    0.000000000    0.000000000    0.000000000    0.000000000
     0.000000000    0.000000000    0.000000000    0.000000000    0.000000000
     0.000000000    0.000000000    0.000000000    0.000000000    0.000000000
     0.000000000    0.000000000    0.000000000    0.000000000    0.000000000
     0.000000000    0.000000000    0.000000000    0.000000000    0.000000000
     0.000000000    0.000000000    0.000000000    0.000000000
    -0.000027767   -0.000063522    0.000090547    0.000152055    0.000033332
     0.000000000    0.000000000   -0.341408799    0.000000000    0.000000000
     0.035311526    0.000000000    0.000000000    0.294235846   -0.000019108
     0.000000000    0.000000000    1.048463578    0.000000000    0.000092753
     0.000000000    0.000000000   -0.359567673    0.000000000   -0.000000388
     0.000000000    0.000000000    0.000000931    0.000000000    0.000000000
     0.000000000    0.000000000    0.000000000    0.000000000    0.000000000
     0.000000000    0.000000000    0.000000000    0.000000000    0.000000000
     0.000000000    0.000000000    0.000000000    0.000000000    0.000000000
     0.000000000    0.000000000    0.000000000    0.000000000    0.000000000
     0.000000000    0.000000000    0.000000000    0.000000000    0.000000000
     0.000000000    0.000000000    0.000000000    0.000000000
    -0.000079161   -0.000172870    0.000223659    0.000413688    0.000189667
     0.000000000    0.000000000    0.004205935    0.000000000    0.000000000
    -0.024195035    0.000000000    0.000000000   -0.040541155    0.223873259
     0.000000000    0.000000000    0.014431471    0.000000000   -1.094050175
     0.000000000    0.000000000   -0.004946139    0.000000000   -0.000000005
     0.000000000    0.000000000    0.000000013    0.000000000    0.000000000
     0.000000000    0.000000000    0.000000000    0.000000000    0.000000000
     0.000000000    0.000000000    0.000000000    0.000000000    0.000000000
     0.000000000    0.000000000    0.000000000    0.000000000    0.000000000
     0.000000000    0.000000000    0.000000000    0.000000000    0.000000000
     0.000000000    0.000000000    0.000000000    0.000000000    0.000000000
     0.000000000    0.000000000    0.000000000    0.000000000
    -0.000034694   -0.000075028    0.000094939    0.000179535    0.000091590
     0.000000000    0.000000000   -0.045742711    0.000000000    0.000000000
     0.005028283    0.000000000    0.000000000    0.039918849   -1.139698252
     0.000000000    0.000000000   -0.026361388    0.000000000    0.388899145
     0.000000000    0.000000000    0.009038473    0.000000000    0.000002450
     0.000000000    0.000000000   -0.000003054    0.000000000    0.000000000
     0.000000000    0.000000000    0.000000000    0.000000000    0.000000000
     0.000000000    0.000000000    0.000000000    0.000000000    0.000000000
     0.000000000    0.000000000    0.000000000    0.000000000    0.000000000
     0.000000000    0.000000000    0.000000000    0.000000000    0.000000000
     0.000000000    0.000000000    0.000000000    0.000000000    0.000000000
     0.000000000    0.000000000    0.000000000    0.000000000
    -0.000360419   -0.000785688    0.001012492    0.001880173    0.000879546
     0.000000000    0.000000000   -0.046334791    0.000000000    0.000000000
     0.005584321    0.000000000    0.000000000    0.041510938    0.004428301
     0.000000000    0.000000000   -0.027026456    0.000000000   -0.003548241
     0.000000000    0.000000000    0.009191169    0.000000000   -0.998199520
     0.000000000    0.000000000    0.000008940    0.000000000    0.000000000
     0.000000000    0.000000000    0.000000000    0.000000000    0.000000000
     0.000000000    0.000000000    0.000000000    0.000000000    0.000000000
     0.000000000    0.000000000    0.000000000    0.000000000    0.000000000
     0.000000000    0.000000000    0.000000000    0.000000000    0.000000000
     0.000000000    0.000000000    0.000000000    0.000000000    0.000000000
     0.000000000    0.000000000    0.000000000    0.000000000
     0.000000000    0.000000000    0.000000000    0.000000000    0.000000000
    -0.001570123    0.000000000    0.000000000   -0.001406655    0.000000000
     0.000000000   -0.001507849    0.000000000    0.000000000    0.000000000
    -0.000036244    0.000000000    0.000000000    0.000000000    0.000000000
     0.000177119    0.000000000    0.000000000    0.000000000    0.000000000
     0.999993260    0.000000000    0.000000000    0.000000000    0.000031880
     0.000000000    0.000000000    0.000000000    0.000000000    0.000000000
     0.000000000    0.000000000    0.000000000    0.000000000    0.000000000
     0.000000000    0.000000000    0.000000000    0.000000000    0.000000000
     0.000000000    0.000000000    0.000000000    0.000000000    0.000000000
     0.000000000    0.000000000    0.000000000    0.000000000    0.000000000
     0.000000000    0.000000000    0.000000000    0.000000000
     0.000000000    0.000000000    0.000000000    0.000000000    0.000000000
     0.000000000   -0.000150874    0.000000000    0.000000000   -0.000187555
     0.000000000    0.000000000   -0.000116956    0.000000000    0.000000000
     0.000000000   -0.000005064    0.000000000    0.000000000    0.000000000
     0.000000000    0.000027314    0.000000000    0.000000000    0.000000000
     0.000000000    0.999999927    0.000000000    0.000000000    0.000000000
     0.000002706    0.000000000    0.000000000    0.000000000    0.000000000
     0.000000000    0.000000000    0.000000000    0.000000000    0.000000000
     0.000000000    0.000000000    0.000000000    0.000000000    0.000000000
     0.000000000    0.000000000    0.000000000    0.000000000    0.000000000
     0.000000000    0.000000000    0.000000000    0.000000000    0.000000000
     0.000000000    0.000000000    0.000000000    0.000000000
    -0.000749939   -0.001653353    0.002184443    0.003956795    0.001616826
     0.000000000    0.000000000   -0.091461657    0.000000000    0.000000000
     0.005957743    0.000000000    0.000000000    0.074017217    0.008201172
     0.000000000    0.000000000   -0.050745999    0.000000000   -0.006076641
     0.000000000    0.000000000    0.017050075    0.000000000    0.006744901
     0.000000000    0.000000000   -0.993583266    0.000000000    0.000000000
     0.000000000    0.000000000    0.000000000    0.000000000    0.000000000
     0.000000000    0.000000000    0.000000000    0.000000000    0.000000000
     0.000000000    0.000000000    0.000000000    0.000000000    0.000000000
     0.000000000    0.000000000    0.000000000    0.000000000    0.000000000
     0.000000000    0.000000000    0.000000000    0.000000000    0.000000000
     0.000000000    0.000000000    0.000000000    0.000000000
     0.000000000    0.000000000    0.000000000    0.000000000    0.000000000
     0.000000000    0.000000000    0.000000000    0.000000000    0.000000000
     0.000000000    0.000000000    0.000000000    0.000000000    0.000000000
     0.000000000    0.000000000    0.000000000    0.000000000    0.000000000
     0.000000000    0.000000000    0.000000000    0.000000000    0.000000000
     0.000000000    0.000000000    0.000000000    1.000000000    0.000000000
     0.000000000    0.000000000    0.000000000    0.000000000    0.000000000
     0.000000000    0.000000000    0.000000000    0.000000000    0.000000000
     0.000000000    0.000000000    0.000000000    0.000000000    0.000000000
     0.000000000    0.000000000    0.000000000    0.000000000    0.000000000
     0.000000000    0.000000000    0.000000000    0.000000000    0.000000000
     0.000000000    0.000000000    0.000000000    0.000000000
     0.000000000    0.000000000    0.000000000    0.000000000    0.000000000
     0.003713604    0.000000000    0.000000000    0.003326974    0.000000000
     0.000000000    0.003566317    0.000000000    0.000000000    0.000000000
     0.000085722    0.000000000    0.000000000    0.000000000    0.000000000
    -0.000418916    0.000000000    0.000000000    0.000000000    0.000000000
     0.000000000    0.000000000    0.000000000    0.000000000    0.999962300
     0.000000000    0.000000000    0.000000000    0.000000000    0.000000000
     0.000000000    0.000000000    0.000000000    0.000000000    0.000000000
     0.000000000    0.000000000    0.000000000    0.000000000    0.000000000
     0.000000000    0.000000000    0.000000000    0.000000000    0.000000000
     0.000000000    0.000000000    0.000000000    0.000000000    0.000000000
     0.000000000    0.000000000    0.000000000    0.000000000
     0.000000000    0.000000000    0.000000000    0.000000000    0.000000000
     0.000000000    0.002779438    0.000000000    0.000000000    0.003512135
     0.000000000    0.000000000    0.002181552    0.000000000    0.000000000
     0.000000000    0.000104793    0.000000000    0.000000000    0.000000000
     0.000000000   -0.000512113    0.000000000    0.000000000    0.000000000
     0.000000000    0.000000000    0.000000000    0.000000000    0.000000000
     0.999974814    0.000000000    0.000000000    0.000000000    0.000000000
     0.000000000    0.000000000    0.000000000    0.000000000    0.000000000
     0.000000000    0.000000000    0.000000000    0.000000000    0.000000000
     0.000000000    0.000000000    0.000000000    0.000000000    0.000000000
     0.000000000    0.000000000    0.000000000    0.000000000    0.000000000
     0.000000000    0.000000000    0.000000000    0.000000000
     0.002044064    0.004581558   -0.006249687   -0.011624378   -0.005568687
     0.000000000    0.000488415   -0.007534925    0.000000000    0.000607158
    -0.006492317    0.000000000    0.000378615   -0.007019999   -0.000213079
     0.000000000    0.000016395   -0.000085469    0.000000000    0.000944701
     0.000000000   -0.000088423    0.000400884    0.000000000   -0.000104350
     0.000000000    0.000000471   -0.000025643    0.000000000    0.000000000
    -0.000008759   -1.215564578    1.712518051   -1.030642372    0.000000000
    -0.042417639   -0.260682653    0.000000000    0.228909242    0.636298228
    -0.074942374    0.000000000    0.065245582    0.048263442    0.000000000
     0.000304643   -0.001665074    0.000507519    0.000000000   -0.000042519
     0.000062609    0.000000000    0.000092410   -0.000209318    0.000024340
     0.000000000    0.000013205   -0.000009003    0.000000000
     0.000000000    0.000000000    0.000000000    0.000000000    0.000000000
    -0.010823030    0.000000000    0.000000000   -0.009766653    0.000000000
     0.000000000   -0.010442565    0.000000000    0.000000000    0.000000000
    -0.000270992    0.000000000    0.000000000    0.000000000    0.000000000
     0.001232798    0.000000000    0.000000000    0.000000000    0.000000000
    -0.000093295    0.000000000    0.000000000    0.000000000    0.000220649
     0.000000000    0.000000000    0.000000000    0.000000000   -0.257970025
     0.000000000    0.000000000    1.148683676    0.000000000    0.000000000
     0.000000000   -0.026990767    0.000000000    0.000000000    0.046922610
     0.000000000    0.000000000    0.000000000    0.000081296    0.000000000
     0.000000000   -0.000361995    0.000000000    0.000000000    0.000000000
     0.000008506    0.000000000    0.000000000    0.000014787
     0.000434765    0.001040345   -0.001598683   -0.002860475   -0.001132331
     0.000000000    0.003430917    0.002823330    0.000000000    0.004265040
     0.003196377    0.000000000    0.002659615    0.002541666    0.000085674
     0.000000000    0.000115165   -0.000061664    0.000000000   -0.000399272
     0.000000000   -0.000621135    0.000307546    0.000000000   -0.000002120
     0.000000000    0.000003305   -0.000083172    0.000000000    0.000000000
    -0.000061529   -0.852577664    0.800052621   -0.171566343    0.000000000
    -0.063854752   -0.005274989    0.000000000   -0.065635898   -0.800825787
    -0.011551341    0.000000000    0.134178050    0.054384249    0.000000000
    -0.000985941   -0.007277535    0.000910031    0.000000000   -0.000190522
    -0.000231303    0.000000000    0.000060628    0.000167609   -0.000021856
     0.000000000   -0.000076684    0.000061982    0.000000000
     0.000391524    0.000575898    0.000024453   -0.000024911    0.000000245
     0.000000000    0.000003940   -0.000001693    0.000000000    0.000004898
     0.000000056    0.000000000    0.000003054   -0.000000384    0.000000046
     0.000000000    0.000000132   -0.000000523    0.000000000    0.000000021
     0.000000000   -0.000000713    0.000000685    0.000000000   -0.000000003
     0.000000000    0.000000004    0.000000000    0.000000000    0.000000000
    -0.000000071   -0.285826490   -0.098790242    0.423852069    0.000000000
    -0.507296873    0.206799788    0.000000000    0.308501687   -0.053414973
    -0.004181137    0.000000000   -0.674234576   -0.445701299    0.000000000
    -0.000000561   -0.000008978    0.000001273    0.000000000   -0.000000438
    -0.000000248    0.000000000    0.000000283   -0.000000045    0.000000005
     0.000000000   -0.000000335    0.000000232    0.000000000
     0.000000000    0.000000000    0.000000000    0.000000000    0.000000000
     0.000000000    0.000000000    0.000000000    0.000000000    0.000000000
     0.000000000    0.000000000    0.000000000    0.000000000    0.000000000
     0.000000000    0.000000000    0.000000000    0.000000000    0.000000000
     0.000000000    0.000000000    0.000000000    0.000000000    0.000000000
     0.000000000    0.000000000    0.000000000    0.000000000    0.000000000
     0.000000000    0.000000000    0.000000000    0.000000000    1.242140648
     0.000000000    0.000000000   -0.562550647    0.000000000    0.000000000
     0.000000000    0.000000000    0.000000000    0.000000000    0.000000000
     0.000000000    0.000000000    0.000000000    0.000000000    0.000000000
     0.000000000    0.000000000    0.000000000    0.000000000    0.000000000
     0.000000000    0.000000000    0.000000000    0.000000000
     0.000000000    0.000000000    0.000000000    0.000000000    0.000000000
     0.000000000    0.000000000    0.000000000    0.000000000    0.000000000
     0.000000000    0.000000000    0.000000000    0.000000000    0.000000000
     0.000000000    0.000000000    0.000000000    0.000000000    0.000000000
     0.000000000    0.000000000    0.000000000    0.000000000    0.000000000
     0.000000000    0.000000000    0.000000000    0.000000000    0.000000000
     0.000000000    0.091613568   -0.408785981    0.482746810    0.000000000
     0.250102178    0.042089798    0.000000000    0.777753146   -0.147570971
     0.001516679    0.000000000   -0.002020420   -0.001455379    0.000000000
     0.000000000    0.000000000    0.000000000    0.000000000    0.000000000
     0.000000000    0.000000000    0.000000000    0.000000000    0.000000000
     0.000000000    0.000000000    0.000000000    0.000000000
     0.000000000    0.000000000    0.000000000    0.000000000    0.000000000
     0.000000000    0.000000000    0.000000000    0.000000000    0.000000000
     0.000000000    0.000000000    0.000000000    0.000000000    0.000000000
     0.000000000    0.000000000    0.000000000    0.000000000    0.000000000
     0.000000000    0.000000000    0.000000000    0.000000000    0.000000000
     0.000000000    0.000000000    0.000000000    0.000000000    0.000000000
     0.000000000   -0.009847851   -0.531565111    0.739729570    0.000000000
    -0.661953851    0.316138859    0.000000000    0.406338569    0.035603860
    -0.002043605    0.000000000    0.633123421    0.001421411    0.000000000
     0.000000000    0.000000000    0.000000000    0.000000000    0.000000000
     0.000000000    0.000000000    0.000000000    0.000000000    0.000000000
     0.000000000    0.000000000    0.000000000    0.000000000
     0.000000000    0.000000000    0.000000000    0.000000000    0.000000000
     0.000000000    0.000000000    0.000000000    0.000000000    0.000000000
     0.000000000    0.000000000    0.000000000    0.000000000    0.000000000
     0.000000000    0.000000000    0.000000000    0.000000000    0.000000000
     0.000000000    0.000000000    0.000000000    0.000000000    0.000000000
     0.000000000    0.000000000    0.000000000    0.000000000    0.000000000
     0.000000000   -0.247441556   -0.446961980    0.918477594    0.000000000
     0.820322635   -0.079123815    0.000000000   -0.787594428    0.280625680
    -0.002611234    0.000000000    0.002715747    0.001914149    0.000000000
     0.000000000    0.000000000    0.000000000    0.000000000    0.000000000
     0.000000000    0.000000000    0.000000000    0.000000000    0.000000000
     0.000000000    0.000000000    0.000000000    0.000000000
     0.000000000    0.000000000    0.000000000    0.000000000    0.000000000
     0.000000000    0.000000000    0.000000000    0.000000000    0.000000000
     0.000000000    0.000000000    0.000000000    0.000000000    0.000000000
     0.000000000    0.000000000    0.000000000    0.000000000    0.000000000
     0.000000000    0.000000000    0.000000000    0.000000000    0.000000000
     0.000000000    0.000000000    0.000000000    0.000000000    0.000000000
     0.000000000   -0.241769634    0.521310994   -0.483479542    0.000000000
     0.330341301    1.172372816    0.000000000   -0.209770535   -0.679865406
     0.000823233    0.000000000   -0.000836043   -0.000574521    0.000000000
     0.000000000    0.000000000    0.000000000    0.000000000    0.000000000
     0.000000000    0.000000000    0.000000000    0.000000000    0.000000000
     0.000000000    0.000000000    0.000000000    0.000000000
     0.000000000    0.000000000    0.000000000    0.000000000    0.000000000
     0.000000000    0.000000000    0.000000000    0.000000000    0.000000000
     0.000000000    0.000000000    0.000000000    0.000000000    0.000000000
     0.000000000    0.000000000    0.000000000    0.000000000    0.000000000
     0.000000000    0.000000000    0.000000000    0.000000000    0.000000000
     0.000000000    0.000000000    0.000000000    0.000000000    0.000000000
     0.000000000    0.000000000    0.000000000    0.000000000    0.011836097
     0.000000000    0.000000000   -0.052703531    0.000000000    0.000000000
     0.000000000    0.000000000    0.000000000    0.000000000    0.998924135
     0.000000000    0.000000000    0.000000000    0.000000000    0.000000000
     0.000000000    0.000000000    0.000000000    0.000000000    0.000000000
     0.000000000    0.000000000    0.000000000    0.000000000
     0.000000000    0.000000000    0.000000000    0.000000000    0.000000000
     0.000000000    0.000000000    0.000000000    0.000000000    0.000000000
     0.000000000    0.000000000    0.000000000    0.000000000    0.000000000
     0.000000000    0.000000000    0.000000000    0.000000000    0.000000000
     0.000000000    0.000000000    0.000000000    0.000000000    0.000000000
     0.000000000    0.000000000    0.000000000    0.000000000    0.000000000
     0.000000000    0.000000000    0.000000000    0.000000000   -0.006798602
     0.000000000    0.000000000    0.030272677    0.000000000    0.000000000
     0.000000000    0.999644403    0.000000000    0.000000000    0.001236609
     0.000000000    0.000000000    0.000000000    0.000000000    0.000000000
     0.000000000    0.000000000    0.000000000    0.000000000    0.000000000
     0.000000000    0.000000000    0.000000000    0.000000000
     0.000000000    0.000000000    0.000000000    0.000000000    0.000000000
     0.000000000    0.000000000    0.000000000    0.000000000    0.000000000
     0.000000000    0.000000000    0.000000000    0.000000000    0.000000000
     0.000000000    0.000000000    0.000000000    0.000000000    0.000000000
     0.000000000    0.000000000    0.000000000    0.000000000    0.000000000
     0.000000000    0.000000000    0.000000000    0.000000000    0.000000000
     0.000000000   -0.023797646   -0.179518785    0.273920939    0.000000000
    -0.247629434    0.118488581    0.000000000    0.148025123   -0.014050690
    -0.000796556    0.000000000   -0.349634675    0.892178379    0.000000000
     0.000000000    0.000000000    0.000000000    0.000000000    0.000000000
     0.000000000    0.000000000    0.000000000    0.000000000    0.000000000
     0.000000000    0.000000000    0.000000000    0.000000000
     0.000000000    0.000000000    0.000000000    0.000000000    0.000000000
     0.000000000    0.000000000    0.000000000    0.000000000    0.000000000
     0.000000000    0.000000000    0.000000000    0.000000000    0.000000000
     0.000000000    0.000000000    0.000000000    0.000000000    0.000000000
     0.000000000    0.000000000    0.000000000    0.000000000    0.000000000
     0.000000000    0.000000000    0.000000000    0.000000000    0.000000000
     0.000000000   -0.102707123    0.131704110   -0.072968179    0.000000000
    -0.006017085   -0.019228015    0.000000000    0.015477172    0.039688888
     0.997121352    0.000000000    0.004642395    0.003104238    0.000000000
     0.000000000    0.000000000    0.000000000    0.000000000    0.000000000
     0.000000000    0.000000000    0.000000000    0.000000000    0.000000000
     0.000000000    0.000000000    0.000000000    0.000000000
     0.002044064    0.004581558   -0.006249687   -0.011624378   -0.005568688
     0.000000000   -0.000488415   -0.007534925    0.000000000   -0.000607158
    -0.006492317    0.000000000   -0.000378615   -0.007019999   -0.000213079
     0.000000000   -0.000016395   -0.000085469    0.000000000    0.000944701
     0.000000000    0.000088423    0.000400884    0.000000000   -0.000104350
     0.000000000   -0.000000471   -0.000025643    0.000000000    0.000000000
     0.000008759    0.000304643   -0.001665074    0.000507519    0.000000000
     0.000042519    0.000062609    0.000000000   -0.000092410   -0.000209318
     0.000024340    0.000000000   -0.000013205   -0.000009003    0.000000000
    -1.215564578    1.712518051   -1.030642372    0.000000000    0.042417639
    -0.260682653    0.000000000   -0.228909242    0.636298228   -0.074942374
     0.000000000   -0.065245582    0.048263442    0.000000000
     0.000000000    0.000000000    0.000000000    0.000000000    0.000000000
    -0.010823030    0.000000000    0.000000000   -0.009766653    0.000000000
     0.000000000   -0.010442565    0.000000000    0.000000000    0.000000000
    -0.000270992    0.000000000    0.000000000    0.000000000    0.000000000
     0.001232798    0.000000000    0.000000000    0.000000000    0.000000000
    -0.000093295    0.000000000    0.000000000    0.000000000    0.000220649
     0.000000000    0.000000000    0.000000000    0.000000000    0.000081296
     0.000000000    0.000000000   -0.000361995    0.000000000    0.000000000
     0.000000000    0.000008506    0.000000000    0.000000000   -0.000014787
     0.000000000    0.000000000    0.000000000   -0.257970025    0.000000000
     0.000000000    1.148683676    0.000000000    0.000000000    0.000000000
    -0.026990767    0.000000000    0.000000000   -0.046922610
     0.000434765    0.001040345   -0.001598683   -0.002860475   -0.001132331
     0.000000000   -0.003430917    0.002823330    0.000000000   -0.004265040
     0.003196377    0.000000000   -0.002659615    0.002541666    0.000085674
     0.000000000   -0.000115165   -0.000061664    0.000000000   -0.000399272
     0.000000000    0.000621135    0.000307546    0.000000000   -0.000002120
     0.000000000   -0.000003305   -0.000083172    0.000000000    0.000000000
     0.000061529   -0.000985941   -0.007277535    0.000910031    0.000000000
     0.000190522   -0.000231303    0.000000000   -0.000060628    0.000167609
    -0.000021856    0.000000000    0.000076684    0.000061982    0.000000000
    -0.852577664    0.800052621   -0.171566343    0.000000000    0.063854752
    -0.005274989    0.000000000    0.065635898   -0.800825787   -0.011551341
     0.000000000   -0.134178050    0.054384249    0.000000000
     0.000391524    0.000575898    0.000024453   -0.000024911    0.000000245
     0.000000000   -0.000003940   -0.000001693    0.000000000   -0.000004898
     0.000000056    0.000000000   -0.000003054   -0.000000384    0.000000046
     0.000000000   -0.000000132   -0.000000523    0.000000000    0.000000021
     0.000000000    0.000000713    0.000000685    0.000000000   -0.000000003
     0.000000000   -0.000000004    0.000000000    0.000000000    0.000000000
     0.000000071   -0.000000561   -0.000008978    0.000001273    0.000000000
     0.000000438   -0.000000248    0.000000000   -0.000000283   -0.000000045
     0.000000005    0.000000000    0.000000335    0.000000232    0.000000000
    -0.285826490   -0.098790241    0.423852068    0.000000000    0.507296874
     0.206799788    0.000000000   -0.308501688   -0.053414973   -0.004181137
     0.000000000    0.674234576   -0.445701300    0.000000000
     0.000000000    0.000000000    0.000000000    0.000000000    0.000000000
     0.000000000    0.000000000    0.000000000    0.000000000    0.000000000
     0.000000000    0.000000000    0.000000000    0.000000000    0.000000000
     0.000000000    0.000000000    0.000000000    0.000000000    0.000000000
     0.000000000    0.000000000    0.000000000    0.000000000    0.000000000
     0.000000000    0.000000000    0.000000000    0.000000000    0.000000000
     0.000000000    0.000000000    0.000000000    0.000000000    0.000000000
     0.000000000    0.000000000    0.000000000    0.000000000    0.000000000
     0.000000000    0.000000000    0.000000000    0.000000000    0.000000000
     0.000000000    0.000000000    0.000000000    1.242140648    0.000000000
     0.000000000   -0.562550647    0.000000000    0.000000000    0.000000000
     0.000000000    0.000000000    0.000000000    0.000000000
     0.000000000    0.000000000    0.000000000    0.000000000    0.000000000
     0.000000000    0.000000000    0.000000000    0.000000000    0.000000000
     0.000000000    0.000000000    0.000000000    0.000000000    0.000000000
     0.000000000    0.000000000    0.000000000    0.000000000    0.000000000
     0.000000000    0.000000000    0.000000000    0.000000000    0.000000000
     0.000000000    0.000000000    0.000000000    0.000000000    0.000000000
     0.000000000    0.000000000    0.000000000    0.000000000    0.000000000
     0.000000000    0.000000000    0.000000000    0.000000000    0.000000000
     0.000000000    0.000000000    0.000000000    0.000000000    0.000000000
     0.091613567   -0.408785982    0.482746813    0.000000000   -0.250102182
     0.042089798    0.000000000   -0.777753142   -0.147570970    0.001516679
     0.000000000    0.002020421   -0.001455379    0.000000000
     0.000000000    0.000000000    0.000000000    0.000000000    0.000000000
     0.000000000    0.000000000    0.000000000    0.000000000    0.000000000
     0.000000000    0.000000000    0.000000000    0.000000000    0.000000000
     0.000000000    0.000000000    0.000000000    0.000000000    0.000000000
     0.000000000    0.000000000    0.000000000    0.000000000    0.000000000
     0.000000000    0.000000000    0.000000000    0.000000000    0.000000000
     0.000000000    0.000000000    0.000000000    0.000000000    0.000000000
     0.000000000    0.000000000    0.000000000    0.000000000    0.000000000
     0.000000000    0.000000000    0.000000000    0.000000000    0.000000000
    -0.009847850   -0.531565108    0.739729565    0.000000000    0.661953854
     0.316138862    0.000000000   -0.406338573    0.035603857   -0.002043604
     0.000000000   -0.633123421    0.001421411    0.000000000
     0.000000000    0.000000000    0.000000000    0.000000000    0.000000000
     0.000000000    0.000000000    0.000000000    0.000000000    0.000000000
     0.000000000    0.000000000    0.000000000    0.000000000    0.000000000
     0.000000000    0.000000000    0.000000000    0.000000000    0.000000000
     0.000000000    0.000000000    0.000000000    0.000000000    0.000000000
     0.000000000    0.000000000    0.000000000    0.000000000    0.000000000
     0.000000000    0.000000000    0.000000000    0.000000000    0.000000000
     0.000000000    0.000000000    0.000000000    0.000000000    0.000000000
     0.000000000    0.000000000    0.000000000    0.000000000    0.000000000
    -0.247441556   -0.446961983    0.918477598    0.000000000   -0.820322628
    -0.079123817    0.000000000    0.787594428    0.280625683   -0.002611234
     0.000000000   -0.002715749    0.001914150    0.000000000
     0.000000000    0.000000000    0.000000000    0.000000000    0.000000000
     0.000000000    0.000000000    0.000000000    0.000000000    0.000000000
     0.000000000    0.000000000    0.000000000    0.000000000    0.000000000
     0.000000000    0.000000000    0.000000000    0.000000000    0.000000000
     0.000000000    0.000000000    0.000000000    0.000000000    0.000000000
     0.000000000    0.000000000    0.000000000    0.000000000    0.000000000
     0.000000000    0.000000000    0.000000000    0.000000000    0.000000000
     0.000000000    0.000000000    0.000000000    0.000000000    0.000000000
     0.000000000    0.000000000    0.000000000    0.000000000    0.000000000
    -0.241769635    0.521310993   -0.483479540    0.000000000   -0.330341304
     1.172372815    0.000000000    0.209770538   -0.679865405    0.000823233
     0.000000000    0.000836044   -0.000574521    0.000000000
     0.000000000    0.000000000    0.000000000    0.000000000    0.000000000
     0.000000000    0.000000000    0.000000000    0.000000000    0.000000000
     0.000000000    0.000000000    0.000000000    0.000000000    0.000000000
     0.000000000    0.000000000    0.000000000    0.000000000    0.000000000
     0.000000000    0.000000000    0.000000000    0.000000000    0.000000000
     0.000000000    0.000000000    0.000000000    0.000000000    0.000000000
     0.000000000    0.000000000    0.000000000    0.000000000    0.000000000
     0.000000000    0.000000000    0.000000000    0.000000000    0.000000000
     0.000000000    0.000000000    0.000000000    0.000000000    0.000000000
     0.000000000    0.000000000    0.000000000   -0.011836097    0.000000000
     0.000000000    0.052703531    0.000000000    0.000000000    0.000000000
     0.000000000    0.000000000    0.000000000    0.998924135
     0.000000000    0.000000000    0.000000000    0.000000000    0.000000000
     0.000000000    0.000000000    0.000000000    0.000000000    0.000000000
     0.000000000    0.000000000    0.000000000    0.000000000    0.000000000
     0.000000000    0.000000000    0.000000000    0.000000000    0.000000000
     0.000000000    0.000000000    0.000000000    0.000000000    0.000000000
     0.000000000    0.000000000    0.000000000    0.000000000    0.000000000
     0.000000000    0.000000000    0.000000000    0.000000000    0.000000000
     0.000000000    0.000000000    0.000000000    0.000000000    0.000000000
     0.000000000    0.000000000    0.000000000    0.000000000    0.000000000
     0.000000000    0.000000000    0.000000000   -0.006798602    0.000000000
     0.000000000    0.030272677    0.000000000    0.000000000    0.000000000
     0.999644403    0.000000000    0.000000000   -0.001236609
     0.000000000    0.000000000    0.000000000    0.000000000    0.000000000
     0.000000000    0.000000000    0.000000000    0.000000000    0.000000000
     0.000000000    0.000000000    0.000000000    0.000000000    0.000000000
     0.000000000    0.000000000    0.000000000    0.000000000    0.000000000
     0.000000000    0.000000000    0.000000000    0.000000000    0.000000000
     0.000000000    0.000000000    0.000000000    0.000000000    0.000000000
     0.000000000    0.000000000    0.000000000    0.000000000    0.000000000
     0.000000000    0.000000000    0.000000000    0.000000000    0.000000000
     0.000000000    0.000000000    0.000000000    0.000000000    0.000000000
    -0.023797646   -0.179518784    0.273920937    0.000000000    0.247629436
     0.118488582    0.000000000   -0.148025125   -0.014050691   -0.000796556
     0.000000000    0.349634676    0.892178378    0.000000000
     0.000000000    0.000000000    0.000000000    0.000000000    0.000000000
     0.000000000    0.000000000    0.000000000    0.000000000    0.000000000
     0.000000000    0.000000000    0.000000000    0.000000000    0.000000000
     0.000000000    0.000000000    0.000000000    0.000000000    0.000000000
     0.000000000    0.000000000    0.000000000    0.000000000    0.000000000
     0.000000000    0.000000000    0.000000000    0.000000000    0.000000000
     0.000000000    0.000000000    0.000000000    0.000000000    0.000000000
     0.000000000    0.000000000    0.000000000    0.000000000    0.000000000
     0.000000000    0.000000000    0.000000000    0.000000000    0.000000000
    -0.102707123    0.131704110   -0.072968179    0.000000000    0.006017085
    -0.019228015    0.000000000   -0.015477172    0.039688888    0.997121352
     0.000000000   -0.004642395    0.003104238    0.000000000
