 Water DF-BP86-D3(PCM)/def2-TZVPP                                               
 AO density matrix:
 -------------------------------------------------------------------------------
     1.575476732    1.642962525    1.814888411    0.572994393    0.977716950
     1.633823184    0.182042768    0.631764054    1.726460865    1.959978469
    -0.002641206    0.387588264    1.469113918    1.722151505    1.536213248
     0.000000000    0.000000000    0.000000000    0.000000000    0.000000000
     1.254455921    0.000000000    0.000000000    0.000000000    0.000000000
     0.000000000    0.000000000    0.976763515   -0.026171687    0.012782195
     0.092813630    0.041377080   -0.041689149    0.000000000    0.000000000
     1.087413748    0.000000000    0.000000000    0.000000000    0.000000000
     0.000000000    1.464500546    0.000000000    0.000000000    1.709714796
     0.000000000    0.000000000    0.000000000    0.000000000    0.000000000
     0.000000000    1.263244795    0.000000000    0.000000000    1.633750022
    -0.024801739    0.014299556    0.081886264    0.009877553   -0.089608549
     0.000000000    0.000000000    1.351464611    0.000000000    0.000000000
     1.680601441    0.000000000    0.000000000    0.000000000    0.000000000
     0.000000000    1.166289006    0.000000000    0.000000000    1.361571066
     0.000000000    0.000000000    1.084318725    0.000000000    0.000000000
     0.000000000    0.000000000    0.000000000    0.000000000    1.049022426
     0.000000000    0.000000000    1.356696989    0.000000000    0.000000000
     1.126626899   -0.022660160    0.013427598    0.081585600    0.025352588
    -0.058264287    0.000000000    0.000000000    1.113379923    0.000000000
     0.000000000    1.384139602    0.000000000    0.000000000    1.140134978
     0.000565829   -0.000319828   -0.001556424    0.000586771    0.003250033
     0.000000000    0.000000000   -0.037292038    0.000000000    0.000000000
    -0.046393885    0.000000000    0.000000000   -0.038201861    0.001281130
     0.000000000    0.000000000    0.000000000    0.000000000    0.000000000
    -0.034364979    0.000000000    0.000000000   -0.040119011    0.000000000
     0.000000000   -0.031949706    0.000000000    0.000000000    0.000000000
     0.000941406    0.000000000    0.000000000    0.000000000    0.000000000
     0.000000000    0.000000000   -0.106232570    0.000000000    0.000000000
    -0.137390206    0.000000000    0.000000000   -0.114091432    0.000000000
     0.000000000    0.000000000    0.011553829    0.005632164   -0.003121341
    -0.033489394   -0.043571090   -0.042232184    0.000000000    0.000000000
     0.038202090    0.000000000    0.000000000    0.048513865    0.000000000
     0.000000000    0.039544993   -0.001359812    0.000000000    0.000000000
     0.002451545    0.000000000    0.000000000    0.000000000    0.000000000
     0.000000000    0.000000000    0.000000000    0.000000000    0.000000000
     0.000000000    0.000000000    0.000000000    0.000000000    0.000000000
     0.000000000    0.000000000    0.000000000    0.000000000    0.000000000
     0.001224652   -0.000765224   -0.003362926    0.001712729    0.007898830
     0.000000000    0.000000000   -0.087007880    0.000000000    0.000000000
    -0.108252087    0.000000000    0.000000000   -0.089134088    0.002989461
     0.000000000    0.000000000   -0.003181427    0.000000000    0.006975849
     0.000000000    0.000000000    0.000000000    0.000000000    0.000000000
    -0.073597444    0.000000000    0.000000000   -0.085920513    0.000000000
     0.000000000   -0.068424795    0.000000000    0.000000000    0.000000000
     0.002016153    0.000000000    0.000000000    0.000000000    0.000000000
     0.004317875    0.000000000    0.000000000    0.000000000    0.000000000
     0.000000000    0.000000000   -0.317058851    0.000000000    0.000000000
    -0.410051089    0.000000000    0.000000000   -0.340514198    0.000000000
     0.000000000    0.000000000    0.034483246    0.000000000    0.000000000
     0.000000000    0.000000000    0.102917762    0.013908089   -0.007197731
    -0.082260506   -0.109384844   -0.108366794    0.000000000    0.000000000
     0.127581007    0.000000000    0.000000000    0.161190463    0.000000000
     0.000000000    0.131721551   -0.004501514    0.000000000    0.000000000
     0.007299517    0.000000000   -0.010525019    0.000000000    0.000000000
     0.022123380    0.000000000    0.000000000    0.000000000    0.000000000
     0.000000000    0.000000000    0.000000000    0.000000000    0.000000000
     0.000000000    0.000000000    0.000000000    0.000000000    0.000000000
     0.000000000    0.000000000    0.000000000    0.000000000    0.000000000
     0.000000000    0.000000000    0.000000000    0.000000000    0.000000000
    -0.003512169    0.001866072    0.020533883    0.026687456    0.025825875
     0.000000000    0.000000000   -0.022755437    0.000000000    0.000000000
    -0.028914997    0.000000000    0.000000000   -0.023562556    0.000810812
     0.000000000    0.000000000   -0.001478720    0.000000000    0.001897124
     0.000000000    0.000000000   -0.004394849    0.000000000    0.000892102
     0.000000000    0.000000000    0.000000000    0.000000000    0.000000000
     0.008722902    0.000000000    0.000000000    0.010183455    0.000000000
     0.000000000    0.008109831    0.000000000    0.000000000    0.000000000
    -0.000238958    0.000000000    0.000000000    0.000000000    0.000000000
    -0.000511762    0.000000000    0.000000000    0.000000000    0.000000000
     0.000060655    0.000000000    0.000000000    0.000000000    0.000000000
     0.000000000    0.000000000    0.046888383    0.000000000    0.000000000
     0.060640580    0.000000000    0.000000000    0.050357087    0.000000000
     0.000000000    0.000000000   -0.005099569    0.000000000    0.000000000
     0.000000000    0.000000000   -0.015220037    0.000000000    0.000000000
     0.000000000    0.000000000    0.002250822   -0.006829088    0.003627222
     0.041179680    0.055314256    0.055374210    0.000000000    0.000000000
    -0.072493526    0.000000000    0.000000000   -0.091433073    0.000000000
     0.000000000   -0.074780533    0.002550255    0.000000000    0.000000000
    -0.003978614    0.000000000    0.005961463    0.000000000    0.000000000
    -0.012141446    0.000000000    0.002393693    0.000000000    0.000000000
     0.006680738    0.000000000    0.000000000    0.000000000    0.000000000
     0.000000000    0.000000000    0.000000000    0.000000000    0.000000000
     0.000000000    0.000000000    0.000000000    0.000000000    0.000000000
     0.000000000    0.000000000    0.000000000    0.000000000    0.000000000
     0.000000000    0.000000000    0.000000000    0.000000000    0.000000000
     0.000000000    0.000000000    0.000000000    0.000000000    0.000000000
     0.000000000    0.000000000    0.000000000    0.000000000    0.000000000
    -0.021701657    0.000000000    0.000000000   -0.025335357    0.000000000
     0.000000000   -0.020176400    0.000000000    0.000000000    0.000000000
     0.000594502    0.000000000    0.000000000    0.000000000    0.000000000
     0.001273211    0.000000000    0.000000000    0.000000000    0.000000000
    -0.000150903    0.000000000    0.000000000    0.000000000    0.000375431
     0.000000000    0.000000000    0.000000000    0.000000000    0.000000000
     0.000000000   -0.054558237    0.000000000    0.000000000   -0.070559975
     0.000000000    0.000000000   -0.058594341    0.000000000    0.000000000
     0.000000000    0.005933741    0.000000000    0.000000000    0.000000000
     0.000000000    0.017709683    0.000000000    0.000000000    0.000000000
     0.000000000   -0.002619004    0.000000000    0.000000000    0.000000000
     0.003047412   -0.053295160    0.065284222    0.458061668    0.587844755
     0.567126251    0.000000000    0.666781806   -0.512002998    0.000000000
     0.862346549   -0.650126164    0.000000000    0.716108922   -0.529954736
     0.018221561    0.000000000   -0.072519032   -0.032795328    0.000000000
     0.042630231    0.000000000   -0.216438340   -0.097670718    0.000000000
     0.019780196    0.000000000    0.032008076    0.053242304    0.000000000
     0.000000000   -0.037243856    0.894203218   -0.015960858    0.208644464
     0.866300762    1.056715488    0.983694532    0.000000000    0.684869444
    -0.554730498    0.000000000    0.885739228   -0.713267527    0.000000000
     0.735534646   -0.577817881    0.020171300    0.000000000   -0.074486239
    -0.045166317    0.000000000    0.047262463    0.000000000   -0.222309613
    -0.130265304    0.000000000    0.027326526    0.000000000    0.032876352
     0.070111369    0.000000000    0.000000000   -0.038254162    1.073178276
     1.367239299   -0.034690247    0.197875510    0.882248451    1.065305832
     0.976175657    0.000000000    0.322503147   -0.325359997    0.000000000
     0.417092178   -0.428295635    0.000000000    0.346361252   -0.343017597
     0.012309468    0.000000000   -0.035075366   -0.037196259    0.000000000
     0.028920696    0.000000000   -0.104684988   -0.103580636    0.000000000
     0.022580948    0.000000000    0.015481384    0.054934691    0.000000000
     0.000000000   -0.018013780    0.718807304    0.997177399    0.810041990
     0.000000000    0.000000000    0.000000000    0.000000000    0.000000000
     0.326400306    0.000000000    0.000000000    0.381052389    0.000000000
     0.000000000    0.303459916    0.000000000    0.000000000    0.000000000
    -0.008941518    0.000000000    0.000000000    0.000000000    0.000000000
    -0.019149519    0.000000000    0.000000000    0.000000000    0.000000000
     0.002269636    0.000000000    0.000000000    0.000000000   -0.005646613
     0.000000000    0.000000000    0.000000000    0.000000000    0.084926985
    -0.001149242   -0.076325733   -0.294443163   -0.361862191   -0.341171002
     0.000000000   -0.102180532    0.257034959    0.000000000   -0.132149721
     0.327630037    0.000000000   -0.109739633    0.266547298   -0.009208707
     0.000000000    0.011113131    0.017848903    0.000000000   -0.021553768
     0.000000000    0.033167949    0.052541772    0.000000000   -0.010776911
     0.000000000   -0.004905056   -0.028513323    0.000000000    0.000000000
     0.005707410   -0.309152357   -0.410625161   -0.318811452    0.000000000
     0.142986656   -0.008912389    0.065366295    0.274179785    0.318179549
     0.278417779    0.000000000    0.240288977    0.076568983    0.000000000
     0.310764883    0.088201295    0.000000000    0.258065050    0.075524356
    -0.002290809    0.000000000   -0.026133773   -0.004810532    0.000000000
    -0.005286474    0.000000000   -0.077998150   -0.010055559    0.000000000
     0.002988885    0.000000000    0.011534790    0.004572451    0.000000000
     0.000000000   -0.013421614    0.228618220    0.305980167    0.233274387
     0.000000000   -0.067798377    0.116112644    0.000000000    0.000000000
     0.000000000    0.000000000    0.000000000    0.761616415    0.000000000
     0.000000000    0.889140572    0.000000000    0.000000000    0.708087735
     0.000000000    0.000000000    0.000000000   -0.020863971    0.000000000
     0.000000000    0.000000000    0.000000000   -0.044683133    0.000000000
     0.000000000    0.000000000    0.000000000    0.005295926    0.000000000
     0.000000000    0.000000000   -0.013175703    0.000000000    0.000000000
     0.000000000    0.000000000    0.198167051    0.000000000    0.000000000
     0.462399319   -0.086011564   -0.273599188   -0.737909879   -0.859673369
    -0.781186856    0.000000000    0.184801190    0.336090250    0.000000000
     0.239002725    0.436237222    0.000000000    0.198472394    0.351708023
    -0.012420731    0.000000000   -0.020098934    0.031890590    0.000000000
    -0.029132833    0.000000000   -0.059986734    0.090389370    0.000000000
    -0.019323417    0.000000000    0.008871164   -0.048309513    0.000000000
     0.000000000   -0.010322281   -0.302939262   -0.522345378   -0.519981386
     0.000000000    0.225768144   -0.071407315    0.000000000    0.527527383
     0.047479800    0.225754779    0.661579256    0.730219950    0.613763837
     0.000000000    0.285250610    0.416769392    0.000000000    0.368913604
     0.502747353    0.000000000    0.306352850    0.420481722   -0.013558071
     0.000000000   -0.031023789   -0.001845885    0.000000000   -0.031506868
     0.000000000   -0.092592761    0.007062424    0.000000000    0.001368572
     0.000000000    0.013693120   -0.006518138    0.000000000    0.000000000
    -0.015932997    0.220751075    0.381324561    0.363438715    0.000000000
    -0.067126868    0.214735277    0.000000000   -0.135486104    0.503668008
     0.003435480    0.022163622    0.060138054    0.052166252    0.027605195
     0.000000000    0.173444166    0.246987344    0.000000000    0.224314726
     0.306094759    0.000000000    0.186275201    0.252533378   -0.008428237
     0.000000000   -0.018863747    0.007730866    0.000000000   -0.019657268
     0.000000000   -0.056300227    0.026578605    0.000000000   -0.004589717
     0.000000000    0.008325983   -0.015245833    0.000000000    0.000000000
    -0.009687921    0.014948038    0.018703383    0.006406868    0.000000000
     0.032258246    0.066818128    0.000000000    0.090111772    0.160882471
     0.087850041    0.000000000    0.000000000    0.000000000    0.000000000
     0.000000000    0.269677741    0.000000000    0.000000000    0.314832265
     0.000000000    0.000000000    0.250723983    0.000000000    0.000000000
     0.000000000   -0.007387641    0.000000000    0.000000000    0.000000000
     0.000000000   -0.015821674    0.000000000    0.000000000    0.000000000
     0.000000000    0.001875213    0.000000000    0.000000000    0.000000000
    -0.004665332    0.000000000    0.000000000    0.000000000    0.000000000
     0.070168187    0.000000000    0.000000000    0.163729144    0.000000000
     0.000000000    0.000000000    0.057974204   -0.124875224   -0.216674507
    -0.369544259   -0.391944302   -0.334052374    0.000000000   -0.164430977
    -0.021328383    0.000000000   -0.212658000   -0.018871659    0.000000000
    -0.176595235   -0.018766498    0.000360455    0.000000000    0.017883474
     0.007629463    0.000000000    0.000779630    0.000000000    0.053374533
     0.018736446    0.000000000   -0.004678258    0.000000000   -0.007893316
    -0.009377957    0.000000000    0.000000000    0.009184479   -0.216521985
    -0.312259209   -0.254976373    0.000000000    0.084116366   -0.102834207
     0.000000000    0.136339805   -0.198338856   -0.042891047    0.000000000
     0.111281928   -0.084209968   -0.135637826   -0.219654171   -0.245082618
    -0.224707452    0.000000000    0.042541405    0.207028309    0.000000000
     0.055018648    0.262252140    0.000000000    0.045688529    0.213965014
    -0.007340433    0.000000000   -0.004626793    0.012704887    0.000000000
    -0.017166164    0.000000000   -0.013809002    0.038058697    0.000000000
    -0.007654524    0.000000000    0.002042150   -0.020803183    0.000000000
     0.000000000   -0.002376199   -0.142516945   -0.210362662   -0.181987410
     0.000000000    0.091070135   -0.014375058    0.000000000    0.184599271
    -0.000170625    0.048860727    0.000000000    0.042468888    0.075925531
     0.000000000    0.000000000    0.000000000    0.000000000    0.000000000
    -0.360473823    0.000000000    0.000000000   -0.420831137    0.000000000
     0.000000000   -0.335138645    0.000000000    0.000000000    0.000000000
     0.009874939    0.000000000    0.000000000    0.000000000    0.000000000
     0.021148572    0.000000000    0.000000000    0.000000000    0.000000000
    -0.002506567    0.000000000    0.000000000    0.000000000    0.006236074
     0.000000000    0.000000000    0.000000000    0.000000000   -0.093792667
     0.000000000    0.000000000   -0.218854068    0.000000000    0.000000000
     0.000000000   -0.077493170    0.000000000    0.000000000    0.103583853
    -0.053295160    0.065284222    0.458061668    0.587844755    0.567126251
     0.000000000   -0.666781806   -0.512002998    0.000000000   -0.862346549
    -0.650126164    0.000000000   -0.716108922   -0.529954736    0.018221561
     0.000000000    0.072519032   -0.032795328    0.000000000    0.042630231
     0.000000000    0.216438340   -0.097670718    0.000000000    0.019780196
     0.000000000   -0.032008076    0.053242304    0.000000000    0.000000000
     0.037243856   -0.016146053    0.138134167    0.278497592    0.000000000
    -0.169646491   -0.099445463    0.000000000   -0.555246130   -0.168698190
    -0.221853219    0.000000000    0.007973672   -0.200598219    0.000000000
     0.894203218   -0.015960858    0.208644464    0.866300762    1.056715488
     0.983694532    0.000000000   -0.684869444   -0.554730498    0.000000000
    -0.885739228   -0.713267527    0.000000000   -0.735534646   -0.577817881
     0.020171300    0.000000000    0.074486239   -0.045166317    0.000000000
     0.047262463    0.000000000    0.222309613   -0.130265304    0.000000000
     0.027326526    0.000000000   -0.032876352    0.070111369    0.000000000
     0.000000000    0.038254162    0.138134167    0.406830462    0.544923505
     0.000000000   -0.267334952   -0.030982824    0.000000000   -0.781496516
    -0.018689206   -0.224521529    0.000000000   -0.081673709   -0.270019494
     0.000000000    1.073178276    1.367239299   -0.034690247    0.197875510
     0.882248451    1.065305832    0.976175657    0.000000000   -0.322503147
    -0.325359997    0.000000000   -0.417092178   -0.428295635    0.000000000
    -0.346361252   -0.343017597    0.012309468    0.000000000    0.035075366
    -0.037196259    0.000000000    0.028920696    0.000000000    0.104684988
    -0.103580636    0.000000000    0.022580948    0.000000000   -0.015481384
     0.054934691    0.000000000    0.000000000    0.018013780    0.278497592
     0.544923505    0.597076870    0.000000000   -0.251336485    0.074599436
     0.000000000   -0.642014948    0.175073327   -0.108127077    0.000000000
    -0.146394292   -0.210079649    0.000000000    0.718807304    0.997177399
     0.810041990    0.000000000    0.000000000    0.000000000    0.000000000
     0.000000000    0.326400306    0.000000000    0.000000000    0.381052389
     0.000000000    0.000000000    0.303459916    0.000000000    0.000000000
     0.000000000   -0.008941518    0.000000000    0.000000000    0.000000000
     0.000000000   -0.019149519    0.000000000    0.000000000    0.000000000
     0.000000000    0.002269636    0.000000000    0.000000000    0.000000000
    -0.005646613    0.000000000    0.000000000    0.000000000    0.000000000
     0.084926985    0.000000000    0.000000000    0.198167051    0.000000000
     0.000000000    0.000000000    0.070168187    0.000000000    0.000000000
    -0.093792667    0.000000000    0.000000000    0.000000000    0.084926985
     0.001149242    0.076325733    0.294443163    0.361862191    0.341171002
     0.000000000   -0.102180532   -0.257034959    0.000000000   -0.132149721
    -0.327630037    0.000000000   -0.109739633   -0.266547298    0.009208707
     0.000000000    0.011113131   -0.017848903    0.000000000    0.021553768
     0.000000000    0.033167949   -0.052541772    0.000000000    0.010776911
     0.000000000   -0.004905056    0.028513323    0.000000000    0.000000000
     0.005707410    0.169646491    0.267334952    0.251336485    0.000000000
    -0.121608173    0.017524477    0.000000000   -0.264432741    0.007445976
    -0.068546696    0.000000000   -0.049713679   -0.099970761    0.000000000
     0.309152357    0.410625161    0.318811452    0.000000000    0.142986656
    -0.008912389    0.065366295    0.274179785    0.318179549    0.278417779
     0.000000000   -0.240288977    0.076568983    0.000000000   -0.310764883
     0.088201295    0.000000000   -0.258065050    0.075524356   -0.002290809
     0.000000000    0.026133773   -0.004810532    0.000000000   -0.005286474
     0.000000000    0.077998150   -0.010055559    0.000000000    0.002988885
     0.000000000   -0.011534790    0.004572451    0.000000000    0.000000000
     0.013421614   -0.099445463   -0.030982824    0.074599436    0.000000000
    -0.017524477   -0.002112067    0.000000000   -0.162331450    0.074388968
    -0.018518232    0.000000000   -0.021932432   -0.035305878    0.000000000
     0.228618220    0.305980167    0.233274387    0.000000000    0.067798377
     0.116112644    0.000000000    0.000000000    0.000000000    0.000000000
     0.000000000    0.761616415    0.000000000    0.000000000    0.889140572
     0.000000000    0.000000000    0.708087735    0.000000000    0.000000000
     0.000000000   -0.020863971    0.000000000    0.000000000    0.000000000
     0.000000000   -0.044683133    0.000000000    0.000000000    0.000000000
     0.000000000    0.005295926    0.000000000    0.000000000    0.000000000
    -0.013175703    0.000000000    0.000000000    0.000000000    0.000000000
     0.198167051    0.000000000    0.000000000    0.462399319    0.000000000
     0.000000000    0.000000000    0.163729144    0.000000000    0.000000000
    -0.218854068    0.000000000    0.000000000    0.000000000    0.198167051
     0.000000000    0.000000000    0.462399319    0.086011564    0.273599188
     0.737909879    0.859673369    0.781186856    0.000000000    0.184801190
    -0.336090250    0.000000000    0.239002725   -0.436237222    0.000000000
     0.198472394   -0.351708023    0.012420731    0.000000000   -0.020098934
    -0.031890590    0.000000000    0.029132833    0.000000000   -0.059986734
    -0.090389370    0.000000000    0.019323417    0.000000000    0.008871164
     0.048309513    0.000000000    0.000000000   -0.010322281    0.555246130
     0.781496516    0.642014948    0.000000000   -0.264432741    0.162331450
     0.000000000   -0.457599547    0.243423494   -0.024481376    0.000000000
    -0.198559656   -0.168501818    0.000000000    0.302939262    0.522345378
     0.519981386    0.000000000    0.225768144    0.071407315    0.000000000
     0.527527383    0.047479800    0.225754779    0.661579256    0.730219950
     0.613763837    0.000000000   -0.285250610    0.416769392    0.000000000
    -0.368913604    0.502747353    0.000000000   -0.306352850    0.420481722
    -0.013558071    0.000000000    0.031023789   -0.001845885    0.000000000
    -0.031506868    0.000000000    0.092592761    0.007062424    0.000000000
     0.001368572    0.000000000   -0.013693120   -0.006518138    0.000000000
     0.000000000    0.015932997   -0.168698190   -0.018689206    0.175073327
     0.000000000   -0.007445976    0.074388968    0.000000000   -0.243423494
     0.337060822    0.059578412    0.000000000   -0.102299158   -0.025017912
     0.000000000    0.220751075    0.381324561    0.363438715    0.000000000
     0.067126868    0.214735277    0.000000000    0.135486104    0.503668008
     0.003435480    0.022163622    0.060138054    0.052166252    0.027605195
     0.000000000   -0.173444166    0.246987344    0.000000000   -0.224314726
     0.306094759    0.000000000   -0.186275201    0.252533378   -0.008428237
     0.000000000    0.018863747    0.007730866    0.000000000   -0.019657268
     0.000000000    0.056300227    0.026578605    0.000000000   -0.004589717
     0.000000000   -0.008325983   -0.015245833    0.000000000    0.000000000
     0.009687921   -0.221853219   -0.224521529   -0.108127077    0.000000000
     0.068546696   -0.018518232    0.000000000    0.024481376    0.059578412
     0.026252984    0.000000000    0.015505061    0.033752549    0.000000000
     0.014948038    0.018703383    0.006406868    0.000000000   -0.032258246
     0.066818128    0.000000000   -0.090111772    0.160882471    0.087850041
     0.000000000    0.000000000    0.000000000    0.000000000    0.000000000
     0.269677741    0.000000000    0.000000000    0.314832265    0.000000000
     0.000000000    0.250723983    0.000000000    0.000000000    0.000000000
    -0.007387641    0.000000000    0.000000000    0.000000000    0.000000000
    -0.015821674    0.000000000    0.000000000    0.000000000    0.000000000
     0.001875213    0.000000000    0.000000000    0.000000000   -0.004665332
     0.000000000    0.000000000    0.000000000    0.000000000    0.070168187
     0.000000000    0.000000000    0.163729144    0.000000000    0.000000000
     0.000000000    0.057974204    0.000000000    0.000000000   -0.077493170
     0.000000000    0.000000000    0.000000000    0.070168187    0.000000000
     0.000000000    0.163729144    0.000000000    0.000000000    0.000000000
     0.057974204    0.124875224    0.216674507    0.369544259    0.391944302
     0.334052374    0.000000000   -0.164430977    0.021328383    0.000000000
    -0.212658000    0.018871659    0.000000000   -0.176595235    0.018766498
    -0.000360455    0.000000000    0.017883474   -0.007629463    0.000000000
    -0.000779630    0.000000000    0.053374533   -0.018736446    0.000000000
     0.004678258    0.000000000   -0.007893316    0.009377957    0.000000000
     0.000000000    0.009184479   -0.007973672    0.081673709    0.146394292
     0.000000000   -0.049713679    0.021932432    0.000000000   -0.198559656
     0.102299158   -0.015505061    0.000000000   -0.055920429   -0.056791956
     0.000000000    0.216521985    0.312259209    0.254976373    0.000000000
     0.084116366    0.102834207    0.000000000    0.136339805    0.198338856
     0.042891047    0.000000000    0.111281928   -0.084209968   -0.135637826
    -0.219654171   -0.245082618   -0.224707452    0.000000000   -0.042541405
     0.207028309    0.000000000   -0.055018648    0.262252140    0.000000000
    -0.045688529    0.213965014   -0.007340433    0.000000000    0.004626793
     0.012704887    0.000000000   -0.017166164    0.000000000    0.013809002
     0.038058697    0.000000000   -0.007654524    0.000000000   -0.002042150
    -0.020803183    0.000000000    0.000000000    0.002376199   -0.200598219
    -0.270019494   -0.210079649    0.000000000    0.099970761   -0.035305878
     0.000000000    0.168501818   -0.025017912    0.033752549    0.000000000
     0.056791956    0.072219882    0.000000000   -0.142516945   -0.210362662
    -0.181987410    0.000000000   -0.091070135   -0.014375058    0.000000000
    -0.184599271   -0.000170625    0.048860727    0.000000000   -0.042468888
     0.075925531    0.000000000    0.000000000    0.000000000    0.000000000
     0.000000000    0.360473823    0.000000000    0.000000000    0.420831137
     0.000000000    0.000000000    0.335138645    0.000000000    0.000000000
     0.000000000   -0.009874939    0.000000000    0.000000000    0.000000000
     0.000000000   -0.021148572    0.000000000    0.000000000    0.000000000
     0.000000000    0.002506567    0.000000000    0.000000000    0.000000000
    -0.006236074    0.000000000    0.000000000    0.000000000    0.000000000
     0.093792667    0.000000000    0.000000000    0.218854068    0.000000000
     0.000000000    0.000000000    0.077493170    0.000000000    0.000000000
    -0.103583853    0.000000000    0.000000000    0.000000000    0.093792667
     0.000000000    0.000000000    0.218854068    0.000000000    0.000000000
     0.000000000    0.077493170    0.000000000    0.000000000    0.103583853
