 $GENNBO  NATOMS=4  NBAS=29  UPPER  BODM  FORMAT=PRECISE  $END
 $NBO  $END
 $COORD
 Ammonia DF-BP86/def2-SVP
     7    7       0.000000       0.000000       0.127909
     1    1       0.000000       0.939821      -0.298455
     1    1      -0.813909      -0.469911      -0.298455
     1    1       0.813909      -0.469911      -0.298455
 $END
 $BASIS
  CENTER =    1    1    1    1    1    1    1    1    1    1    1    1    1
              1    2    2    2    2    2    3    3    3    3    3    4    4
              4    4    4
   LABEL =    1    1    1  101  102  103  101  102  103  255  252  253  254
            251    1    1  101  102  103    1    1  101  102  103    1    1
            101  102  103
 $END
 $CONTRACT
  NSHELL =   15
    NEXP =   27
   NCOMP =    1    1    1    3    3    5    1    1    3    1    1    3    1
              1    3
   NPRIM =    5    1    1    3    1    1    3    1    1    3    1    1    3
              1    1
    NPTR =    1    6    7    8   11   12   13   16   17   18   21   22   23
             26   27
     EXP =  0.171284159000E+04  0.257648127000E+03  0.584582459000E+02
            0.161983679000E+02  0.500526008000E+01  0.587318566000E+00
            0.187645923000E+00  0.135714702000E+02  0.292573729000E+01
            0.799277508000E+00  0.219543480000E+00  0.100000000000E+01
            0.130107010000E+02  0.196225720000E+01  0.444537960000E+00
            0.121949620000E+00  0.800000000000E+00  0.130107010000E+02
            0.196225720000E+01  0.444537960000E+00  0.121949620000E+00
            0.800000000000E+00  0.130107010000E+02  0.196225720000E+01
            0.444537960000E+00  0.121949620000E+00  0.800000000000E+00
      CS = -0.544779958000E-02 -0.406271746000E-01 -0.181119623000E+00
           -0.468439756000E+00 -0.446168463000E+00  0.100000000000E+01
            0.100000000000E+01  0.000000000000E+00  0.000000000000E+00
            0.000000000000E+00  0.000000000000E+00  0.000000000000E+00
            0.334854848000E-01  0.234721871000E+00  0.813770285000E+00
            0.100000000000E+01  0.000000000000E+00  0.334854848000E-01
            0.234721871000E+00  0.813770285000E+00  0.100000000000E+01
            0.000000000000E+00  0.334854848000E-01  0.234721871000E+00
            0.813770285000E+00  0.100000000000E+01  0.000000000000E+00
      CP =  0.000000000000E+00  0.000000000000E+00  0.000000000000E+00
            0.000000000000E+00  0.000000000000E+00  0.000000000000E+00
            0.000000000000E+00 -0.588481170000E-01 -0.320246248000E+00
           -0.753282265000E+00  0.100000000000E+01  0.000000000000E+00
            0.000000000000E+00  0.000000000000E+00  0.000000000000E+00
            0.000000000000E+00  0.100000000000E+01  0.000000000000E+00
            0.000000000000E+00  0.000000000000E+00  0.000000000000E+00
            0.100000000000E+01  0.000000000000E+00  0.000000000000E+00
            0.000000000000E+00  0.000000000000E+00  0.100000000000E+01
      CD =  0.000000000000E+00  0.000000000000E+00  0.000000000000E+00
            0.000000000000E+00  0.000000000000E+00  0.000000000000E+00
            0.000000000000E+00  0.000000000000E+00  0.000000000000E+00
            0.000000000000E+00  0.000000000000E+00  0.100000000000E+01
            0.000000000000E+00  0.000000000000E+00  0.000000000000E+00
            0.000000000000E+00  0.000000000000E+00  0.000000000000E+00
            0.000000000000E+00  0.000000000000E+00  0.000000000000E+00
            0.000000000000E+00  0.000000000000E+00  0.000000000000E+00
            0.000000000000E+00  0.000000000000E+00  0.000000000000E+00
 $END
 $OVERLAP
  0.100000000000E+01 -0.335827330214E+00  0.100000000000E+01 -0.155126147128E+00
  0.793015975809E+00  0.100000000000E+01  0.000000000000E+00  0.000000000000E+00
  0.000000000000E+00  0.100000000000E+01  0.000000000000E+00  0.000000000000E+00
  0.000000000000E+00 -0.925185853854E-17  0.100000000000E+01  0.000000000000E+00
  0.000000000000E+00  0.000000000000E+00  0.000000000000E+00  0.000000000000E+00
  0.100000000000E+01  0.000000000000E+00  0.000000000000E+00  0.000000000000E+00
 -0.523133797005E+00  0.000000000000E+00  0.000000000000E+00  0.100000000000E+01
  0.000000000000E+00  0.000000000000E+00  0.000000000000E+00  0.000000000000E+00
 -0.523133797005E+00  0.000000000000E+00 -0.925185853854E-17  0.100000000000E+01
  0.000000000000E+00  0.000000000000E+00  0.000000000000E+00  0.000000000000E+00
  0.000000000000E+00 -0.523133797005E+00  0.000000000000E+00  0.000000000000E+00
  0.100000000000E+01 -0.555111512313E-16  0.777156117238E-15  0.444089209850E-15
  0.000000000000E+00  0.000000000000E+00  0.000000000000E+00  0.000000000000E+00
  0.000000000000E+00  0.000000000000E+00  0.100000000000E+01  0.000000000000E+00
  0.000000000000E+00  0.000000000000E+00  0.000000000000E+00  0.000000000000E+00
  0.000000000000E+00  0.000000000000E+00  0.000000000000E+00  0.000000000000E+00
  0.000000000000E+00  0.100000000000E+01  0.000000000000E+00  0.000000000000E+00
  0.000000000000E+00  0.000000000000E+00  0.000000000000E+00  0.000000000000E+00
  0.000000000000E+00  0.000000000000E+00  0.000000000000E+00  0.000000000000E+00
  0.138777878078E-16  0.100000000000E+01  0.000000000000E+00  0.000000000000E+00
  0.000000000000E+00  0.000000000000E+00  0.000000000000E+00  0.000000000000E+00
  0.000000000000E+00  0.000000000000E+00  0.000000000000E+00  0.000000000000E+00
  0.000000000000E+00  0.000000000000E+00  0.100000000000E+01  0.000000000000E+00
  0.000000000000E+00  0.000000000000E+00  0.000000000000E+00  0.000000000000E+00
  0.000000000000E+00  0.000000000000E+00  0.000000000000E+00  0.000000000000E+00
  0.000000000000E+00  0.000000000000E+00  0.000000000000E+00 -0.277555756156E-16
  0.100000000000E+01 -0.472179935624E-01  0.339913236830E+00  0.484102894066E+00
  0.000000000000E+00 -0.291045807904E+00  0.132037273380E+00 -0.138777878078E-16
  0.553596314796E+00 -0.251147228284E+00 -0.624525819906E-01  0.600925839495E-17
 -0.166809609134E+00 -0.183846713181E+00 -0.600925839495E-17  0.100000000000E+01
 -0.722372729414E-01  0.446498590151E+00  0.729295562484E+00  0.346944695195E-17
 -0.130755997495E+00  0.593194092422E-01 -0.138777878078E-16  0.413790278050E+00
 -0.187722133703E+00 -0.822447060978E-02  0.751157299369E-18 -0.219673980487E-01
 -0.242110388565E-01 -0.300462919747E-17  0.684799824745E+00  0.100000000000E+01
 -0.346944695195E-17  0.138777878078E-16  0.693889390391E-17 -0.183064428609E+00
 -0.138777878078E-16  0.693889390391E-17  0.318254860837E+00  0.138777878078E-16
  0.000000000000E+00 -0.693889390391E-17 -0.130064570116E+00 -0.120185167899E-16
 -0.120185167899E-16  0.286697437172E+00  0.000000000000E+00  0.000000000000E+00
  0.100000000000E+01  0.756439613648E-01 -0.364374692328E+00 -0.235320901784E+00
 -0.138777878078E-16  0.305584939287E+00 -0.221683076765E+00  0.147451495458E-16
 -0.276031410802E-01  0.156903643033E+00 -0.289961824305E-01 -0.180277751848E-16
  0.234600775983E+00  0.115213014146E+00  0.240370335798E-16  0.000000000000E+00
  0.000000000000E+00  0.000000000000E+00  0.100000000000E+01 -0.343170117385E-01
  0.165304015922E+00  0.106756838261E+00  0.693889390391E-17 -0.221683076765E+00
 -0.824945931544E-01  0.000000000000E+00  0.156903643033E+00  0.247073182053E+00
 -0.212123892901E+00 -0.300462919747E-17  0.121261561830E+00 -0.182332673049E+00
 -0.600925839495E-17  0.000000000000E+00  0.000000000000E+00  0.000000000000E+00
  0.000000000000E+00  0.100000000000E+01 -0.472179935624E-01  0.339913236830E+00
  0.484102894066E+00  0.252053063310E+00  0.145522903952E+00  0.132037273380E+00
 -0.479428472055E+00 -0.276798157398E+00 -0.251147228284E+00 -0.624525819906E-01
  0.144461359106E+00  0.834048045672E-01  0.919233565907E-01  0.159215924017E+00
  0.894992168152E-01  0.271588901039E+00 -0.520780129583E-01 -0.902017644010E-01
  0.000000000000E+00  0.100000000000E+01 -0.722372729414E-01  0.446498590151E+00
  0.729295562484E+00  0.113238015528E+00  0.653779987473E-01  0.593194092422E-01
 -0.358352892631E+00 -0.206895139025E+00 -0.187722133703E+00 -0.822447060978E-02
  0.190243247652E-01  0.109836990243E-01  0.121055194283E-01  0.209673747018E-01
  0.271588901039E+00  0.561592592733E+00 -0.745748784097E-01 -0.129167478374E+00
  0.000000000000E+00  0.684799824745E+00  0.100000000000E+01 -0.655095921848E-01
  0.315557740053E+00  0.203793878987E+00  0.183422597313E+00  0.211591383071E+00
  0.191983176068E+00  0.588613593991E-01 -0.149760907881E+00 -0.135882540813E+00
  0.251114305976E-01  0.143434439458E+00  0.157904726801E+00 -0.742549333467E-01
  0.158084119903E+00  0.520780129583E-01  0.745748784097E-01 -0.202673982904E-01
 -0.744359126948E-01  0.000000000000E+00  0.000000000000E+00  0.000000000000E+00
  0.100000000000E+01 -0.378219806824E-01  0.182187346164E+00  0.117660450892E+00
  0.211591383071E+00 -0.609020866348E-01  0.110841538383E+00 -0.149760907881E+00
  0.231790360358E+00 -0.784518215167E-01  0.144980912152E-01  0.157904726801E+00
 -0.388982335916E-01  0.243826331415E+00 -0.742549333467E-01  0.902017644010E-01
  0.129167478374E+00 -0.744359126948E-01 -0.106218586754E+00  0.000000000000E+00
  0.000000000000E+00  0.000000000000E+00  0.000000000000E+00  0.100000000000E+01
 -0.343170117385E-01  0.165304015922E+00  0.106756838261E+00  0.191983176068E+00
  0.110841538383E+00 -0.824945931544E-01 -0.135882540813E+00 -0.784518215167E-01
  0.247073182053E+00 -0.212123892901E+00 -0.105015593048E+00 -0.606307809152E-01
  0.911663365247E-01  0.157904726801E+00  0.000000000000E+00  0.000000000000E+00
  0.000000000000E+00  0.000000000000E+00  0.227081959413E-01  0.000000000000E+00
  0.000000000000E+00  0.000000000000E+00  0.000000000000E+00  0.100000000000E+01
 -0.472179935624E-01  0.339913236830E+00  0.484102894066E+00 -0.252053063310E+00
  0.145522903952E+00  0.132037273380E+00  0.479428472055E+00 -0.276798157398E+00
 -0.251147228284E+00 -0.624525819906E-01 -0.144461359106E+00  0.834048045672E-01
  0.919233565907E-01 -0.159215924017E+00  0.894992168152E-01  0.271588901039E+00
  0.520780129583E-01 -0.902017644010E-01  0.000000000000E+00  0.894992168152E-01
  0.271588901039E+00  0.104156025917E+00  0.375915298139E-16  0.000000000000E+00
  0.100000000000E+01 -0.722372729414E-01  0.446498590151E+00  0.729295562484E+00
 -0.113238015528E+00  0.653779987473E-01  0.593194092422E-01  0.358352892631E+00
 -0.206895139025E+00 -0.187722133703E+00 -0.822447060978E-02 -0.190243247652E-01
  0.109836990243E-01  0.121055194283E-01 -0.209673747018E-01  0.271588901039E+00
  0.561592592733E+00  0.745748784097E-01 -0.129167478374E+00  0.000000000000E+00
  0.271588901039E+00  0.561592592733E+00  0.149149756819E+00  0.538304671369E-16
  0.000000000000E+00  0.684799824745E+00  0.100000000000E+01  0.655095921848E-01
 -0.315557740053E+00 -0.203793878987E+00  0.183422597313E+00 -0.211591383071E+00
 -0.191983176068E+00  0.588613593991E-01  0.149760907881E+00  0.135882540813E+00
 -0.251114305976E-01  0.143434439458E+00 -0.157904726801E+00  0.742549333467E-01
  0.158084119903E+00 -0.520780129583E-01 -0.745748784097E-01 -0.202673982904E-01
  0.744359126948E-01  0.000000000000E+00 -0.104156025917E+00 -0.149149756819E+00
 -0.149194180986E+00 -0.888714672085E-26  0.000000000000E+00  0.000000000000E+00
  0.000000000000E+00  0.100000000000E+01 -0.378219806824E-01  0.182187346164E+00
  0.117660450892E+00 -0.211591383071E+00 -0.609020866348E-01  0.110841538383E+00
  0.149760907881E+00  0.231790360358E+00 -0.784518215167E-01  0.144980912152E-01
 -0.157904726801E+00 -0.388982335916E-01  0.243826331415E+00  0.742549333467E-01
  0.902017644010E-01  0.129167478374E+00  0.744359126948E-01 -0.106218586754E+00
  0.000000000000E+00  0.375915298031E-16  0.538304671215E-16 -0.888714672085E-26
  0.227081959413E-01  0.000000000000E+00  0.000000000000E+00  0.000000000000E+00
  0.000000000000E+00  0.100000000000E+01 -0.343170117385E-01  0.165304015922E+00
  0.106756838261E+00 -0.191983176068E+00  0.110841538383E+00 -0.824945931544E-01
  0.135882540813E+00 -0.784518215167E-01  0.247073182053E+00 -0.212123892901E+00
  0.105015593048E+00 -0.606307809152E-01  0.911663365247E-01 -0.157904726801E+00
  0.000000000000E+00  0.000000000000E+00  0.000000000000E+00  0.000000000000E+00
  0.227081959413E-01  0.000000000000E+00  0.000000000000E+00  0.000000000000E+00
  0.000000000000E+00  0.227081959413E-01  0.000000000000E+00  0.000000000000E+00
  0.000000000000E+00  0.000000000000E+00  0.100000000000E+01
 $END
 $DENSITY
  0.210962260886E+01  0.226153860367E+00  0.636486932935E+00  0.198776395239E+00
  0.327062517351E+00  0.299227752564E+00  0.000000000000E+00  0.000000000000E+00
  0.000000000000E+00  0.435432074719E+00 -0.174517867305E-14 -0.327229352437E-14
  0.348143443151E-14  0.000000000000E+00  0.435432074719E+00 -0.599728729209E-01
 -0.108272244993E+00 -0.330121059492E+00  0.000000000000E+00  0.351841348665E-14
  0.604398808201E+00  0.000000000000E+00  0.000000000000E+00  0.000000000000E+00
 -0.181786402646E+00  0.000000000000E+00  0.000000000000E+00  0.758931142319E-01
 -0.336320063784E-14 -0.250995344826E-14 -0.109266609209E-14  0.000000000000E+00
 -0.181786402646E+00 -0.605359014890E-14  0.000000000000E+00  0.758931142319E-01
  0.856016281582E-01  0.176874595822E+00  0.294104517563E+00  0.000000000000E+00
 -0.318006753294E-14 -0.463399410617E+00  0.000000000000E+00  0.411846686572E-14
  0.369593235612E+00 -0.297056947356E-02 -0.112523583385E-01 -0.157740352944E-01
  0.000000000000E+00  0.744970262588E-15  0.233838282417E-01  0.000000000000E+00
 -0.437227593470E-15 -0.189968664859E-01  0.987180004250E-03  0.000000000000E+00
  0.000000000000E+00  0.000000000000E+00  0.204819364630E-01  0.000000000000E+00
  0.000000000000E+00 -0.855090326368E-02  0.000000000000E+00  0.000000000000E+00
  0.000000000000E+00  0.963433209518E-03  0.301599521590E-14 -0.111502966581E-14
 -0.574211805186E-15  0.000000000000E+00  0.204819364630E-01  0.111473388278E-14
  0.000000000000E+00 -0.855090326368E-02 -0.985973759052E-15  0.839260706482E-16
  0.000000000000E+00  0.963433209518E-03 -0.100176793105E-14 -0.155335092169E-14
 -0.194421042154E-14  0.000000000000E+00  0.843887945573E-02  0.295571756001E-14
  0.000000000000E+00 -0.352310642161E-02 -0.242463170101E-14  0.136981957502E-15
  0.000000000000E+00  0.396949611355E-03  0.163549473277E-03  0.000000000000E+00
  0.000000000000E+00  0.000000000000E+00  0.843887945573E-02  0.000000000000E+00
  0.000000000000E+00 -0.352310642161E-02  0.000000000000E+00  0.000000000000E+00
  0.000000000000E+00  0.396949611355E-03  0.000000000000E+00  0.000000000000E+00
  0.163549473277E-03  0.870246071159E-01  0.160460543788E+00  0.251169712651E-02
  0.000000000000E+00 -0.349179322626E+00  0.146142455947E+00  0.000000000000E+00
  0.145777163934E+00 -0.835376638691E-01  0.355038541442E-02  0.000000000000E+00
 -0.164247631616E-01 -0.676726034474E-02  0.000000000000E+00  0.372451072469E+00
 -0.619238972388E-02 -0.101815391500E-02 -0.346656044910E-01  0.000000000000E+00
 -0.145251975842E+00  0.728202996297E-01  0.000000000000E+00  0.606405354554E-01
 -0.540135230071E-01  0.267687860145E-02  0.000000000000E+00 -0.683238997088E-02
 -0.281505195873E-02  0.000000000000E+00  0.137668292906E+00  0.574663447188E-01
  0.000000000000E+00  0.000000000000E+00  0.000000000000E+00 -0.204428364344E-01
  0.000000000000E+00  0.000000000000E+00  0.853457958441E-02  0.000000000000E+00
  0.000000000000E+00  0.000000000000E+00 -0.961594014965E-03  0.000000000000E+00
  0.000000000000E+00 -0.396191834317E-03  0.000000000000E+00  0.000000000000E+00
  0.959758331435E-03 -0.180345560995E-01 -0.226382303128E-01 -0.263355548514E-02
  0.000000000000E+00  0.139184246409E-01 -0.161792671651E-01  0.000000000000E+00
 -0.581073488349E-02  0.848440154939E-02 -0.343267350307E-03  0.000000000000E+00
  0.654697496373E-03  0.269745649384E-03  0.000000000000E+00 -0.229894373327E-01
 -0.707323106924E-02  0.000000000000E+00  0.199147792850E-02  0.981039245257E-02
  0.137619924898E-01  0.170064599550E-01  0.000000000000E+00 -0.101907209385E-01
 -0.232332725412E-01  0.000000000000E+00  0.425447413578E-02  0.192874309485E-01
 -0.100504745957E-02  0.000000000000E+00 -0.479353063069E-03 -0.197500989386E-03
  0.000000000000E+00  0.553234934326E-02  0.780818449858E-03  0.000000000000E+00
 -0.123039246832E-03  0.128944605623E-02  0.870246071159E-01  0.160460543788E+00
  0.251169712652E-02  0.302398163870E+00  0.174589661313E+00  0.146142455947E+00
 -0.126246727259E+00 -0.728885819670E-01 -0.835376638691E-01  0.355038541442E-02
  0.142242621491E-01  0.821238158079E-02  0.338363017237E-02  0.586061937257E-02
 -0.475669042550E-01 -0.370512195476E-01 -0.141971080244E-01 -0.624735617829E-02
 -0.672578197383E-02  0.372451072469E+00 -0.619238972389E-02 -0.101815391500E-02
 -0.346656044910E-01  0.125791901029E+00  0.726259879208E-01  0.728202996297E-01
 -0.525162442035E-01 -0.303202677277E-01 -0.540135230071E-01  0.267687860145E-02
  0.591702328334E-02  0.341619498544E-02  0.140752597937E-02  0.243790650924E-02
 -0.370512195476E-01 -0.152136588139E-01 -0.590572768248E-02 -0.108842831444E-03
 -0.431833169610E-02  0.137668292906E+00  0.574663447188E-01  0.156183837282E-01
  0.196052825476E-01  0.228072595241E-02  0.532810937204E-02  0.148788624986E-01
  0.140116563796E-01 -0.222440626651E-02 -0.621170337724E-02 -0.734770727768E-02
  0.297278245656E-03  0.250624618538E-03  0.699874754370E-03  0.288359389109E-03
  0.103261278459E-03 -0.168818485532E-02 -0.285860318419E-02 -0.250146175997E-03
 -0.863780816058E-03 -0.523766673818E-03  0.199094367488E-01  0.612559779280E-02
  0.173354802924E-02  0.901727804976E-02  0.113191151564E-01  0.131677774257E-02
  0.148788624986E-01 -0.118525211656E-01  0.808963358253E-02 -0.621170337724E-02
  0.494825096743E-02 -0.424220077469E-02  0.171633675154E-03  0.699874754370E-03
 -0.557521137130E-03 -0.229707463392E-03  0.288359389109E-03  0.154187342986E-01
  0.516893161658E-02 -0.698538693060E-03 -0.115215176515E-02  0.176041147673E-03
  0.114947186663E-01  0.353661553462E-02  0.446747690322E-03  0.121768823070E-02
  0.981039245257E-02  0.137619924898E-01  0.170064599550E-01  0.882542321564E-02
  0.509536046926E-02 -0.232332725412E-01 -0.368448268133E-02 -0.212723706789E-02
  0.192874309485E-01 -0.100504745957E-02  0.415131929999E-03  0.239676531534E-03
  0.987504946927E-04  0.171040874081E-03 -0.672578197383E-02 -0.431833169610E-02
 -0.414339442905E-03  0.365574671346E-03  0.931695217660E-03  0.553234934326E-02
  0.780818449858E-03  0.106555113419E-03  0.615196234160E-04  0.128944605623E-02
  0.870246071159E-01  0.160460543788E+00  0.251169712652E-02 -0.302398163870E+00
  0.174589661313E+00  0.146142455947E+00  0.126246727259E+00 -0.728885819670E-01
 -0.835376638691E-01  0.355038541442E-02 -0.142242621491E-01  0.821238158079E-02
  0.338363017237E-02 -0.586061937257E-02 -0.475669042550E-01 -0.370512195476E-01
  0.141971080244E-01 -0.624735617829E-02 -0.672578197383E-02 -0.475669042550E-01
 -0.370512195476E-01  0.125089231691E-01 -0.917137812027E-02 -0.672578197383E-02
  0.372451072469E+00 -0.619238972389E-02 -0.101815391500E-02 -0.346656044910E-01
 -0.125791901029E+00  0.726259879208E-01  0.728202996297E-01  0.525162442035E-01
 -0.303202677277E-01 -0.540135230071E-01  0.267687860145E-02 -0.591702328334E-02
  0.341619498544E-02  0.140752597937E-02 -0.243790650924E-02 -0.370512195476E-01
 -0.152136588139E-01  0.590572768248E-02 -0.108842831444E-03 -0.431833169610E-02
 -0.370512195476E-01 -0.152136588139E-01  0.304712449829E-02 -0.506008878514E-02
 -0.431833169610E-02  0.137668292906E+00  0.574663447188E-01 -0.156183837282E-01
 -0.196052825476E-01 -0.228072595241E-02  0.532810937204E-02 -0.148788624986E-01
 -0.140116563796E-01 -0.222440626651E-02  0.621170337724E-02  0.734770727768E-02
 -0.297278245656E-03  0.250624618538E-03 -0.699874754370E-03 -0.288359389109E-03
  0.103261278459E-03  0.168818485532E-02  0.285860318419E-02 -0.250146175997E-03
  0.863780816058E-03  0.523766673818E-03 -0.125089231691E-01 -0.304712449829E-02
 -0.160315455972E-02 -0.826210614993E-04  0.109427230913E-03 -0.199094367488E-01
 -0.612559779280E-02  0.173354802924E-02  0.901727804976E-02  0.113191151564E-01
  0.131677774257E-02 -0.148788624986E-01 -0.118525211656E-01  0.808963358253E-02
  0.621170337724E-02  0.494825096743E-02 -0.424220077469E-02  0.171633675154E-03
 -0.699874754370E-03 -0.557521137130E-03 -0.229707463392E-03 -0.288359389109E-03
  0.154187342986E-01  0.516893161658E-02  0.698538693060E-03 -0.115215176515E-02
  0.176041147673E-03 -0.917137812027E-02 -0.506008878514E-02  0.826210614993E-04
  0.200856618578E-03 -0.541615819019E-03  0.114947186663E-01  0.353661553462E-02
 -0.446747690322E-03  0.121768823070E-02  0.981039245257E-02  0.137619924898E-01
  0.170064599550E-01 -0.882542321564E-02  0.509536046926E-02 -0.232332725412E-01
  0.368448268133E-02 -0.212723706789E-02  0.192874309485E-01 -0.100504745957E-02
 -0.415131929999E-03  0.239676531534E-03  0.987504946927E-04 -0.171040874081E-03
 -0.672578197383E-02 -0.431833169610E-02  0.414339442905E-03  0.365574671346E-03
  0.931695217660E-03 -0.672578197383E-02 -0.431833169610E-02 -0.109427230913E-03
 -0.541615819019E-03  0.931695217660E-03  0.553234934326E-02  0.780818449858E-03
 -0.106555113419E-03  0.615196234160E-04  0.128944605623E-02
 $END
 $FOCK
 -0.139800408993E+02  0.500059244452E+01 -0.228703151728E+01  0.235127634851E+01
 -0.145472923389E+01 -0.961581191806E+00 -0.347110512266E-17  0.208274787730E-16
  0.208284871341E-16 -0.673701798705E-01 -0.867802324790E-17  0.694306295854E-16
  0.555441865715E-16 -0.444154729435E-15 -0.673701798705E-01  0.133851715646E-01
 -0.956557488504E-01 -0.892618732233E-01  0.347085378910E-17  0.104136361424E-16
 -0.176381826958E-01  0.650867859396E-18 -0.277729315371E-16 -0.277780862405E-16
  0.377207273345E+00 -0.509196642963E-16 -0.347140067868E-17 -0.114131040815E+00
  0.173568058085E-17 -0.555448378358E-16 -0.694363464330E-16  0.180502997108E-15
  0.377207273345E+00 -0.867827179930E-17 -0.233723221314E-19 -0.114131040815E+00
 -0.182496765775E-02  0.802077453334E-01  0.135053158604E+00 -0.347140067868E-17
 -0.867827179930E-17  0.329285760079E+00  0.694355815529E-17  0.156220041943E-16
 -0.163658928853E-01 -0.703219182896E-03  0.496621074203E-01  0.551487828827E-01
 -0.104151684068E-16  0.559131792719E-16 -0.470951475493E-01  0.109913829568E-16
 -0.242783479559E-16  0.284689838423E-01  0.204601394157E+01 -0.187891407041E-18
  0.601256276447E-17  0.601245117005E-17 -0.105001994211E+00 -0.350865767859E-17
  0.240512146529E-16  0.105761004180E+00 -0.500228911566E-18 -0.180396006581E-16
  0.625844899923E-18  0.200234948506E+01 -0.469693612330E-18  0.180373116064E-16
  0.135279587975E-16 -0.224839350920E-17 -0.105001994211E+00  0.541160961742E-16
  0.212900639090E-17  0.105761004180E+00 -0.420902737201E-16  0.102312150020E-16
  0.359409703542E-19  0.200234948506E+01  0.488859260245E-19  0.534907443422E-16
  0.168855194433E-17  0.200961205079E-17 -0.552865975003E-01  0.954954449123E-17
  0.600075617832E-17  0.693016864811E-01 -0.156395315167E-16  0.243891465652E-14
 -0.801653564026E-17 -0.471156686029E-01  0.195619252666E+01 -0.153668302689E-16
 -0.149242336908E-15 -0.210450852140E-16 -0.552865975003E-01  0.581197826882E-16
 -0.350642289359E-17  0.693016864811E-01 -0.370677815328E-16  0.251607241501E-18
  0.244743526897E-16 -0.471156686029E-01  0.164766162051E-16 -0.333128024225E-15
  0.195619252666E+01  0.725888968575E+00 -0.621122218069E+00 -0.482739767827E+00
 -0.180403113475E-15  0.293724127868E+00 -0.148937388153E+00  0.305277306396E-15
 -0.214402359435E+00  0.114369818911E+00  0.146808581452E-01 -0.126186175764E-15
  0.478366566895E-01  0.388384678665E-01  0.252410681961E-15 -0.301789509977E+00
  0.110101803788E+01 -0.810132979250E+00 -0.586362259095E+00 -0.433474438652E-16
  0.133790397030E+00 -0.104406135599E+00  0.128324302518E-15 -0.810986507906E-01
  0.111793625102E+00  0.320972103281E-01 -0.120143203425E-16  0.362248259620E-01
  0.291198266711E-01 -0.226884312198E-15 -0.435420731660E+00 -0.390458581822E+00
  0.110153280800E-15 -0.208100857974E-15 -0.239385306208E-15  0.135894609778E+00
  0.388565606632E-15 -0.124873398404E-15 -0.278303428410E-01 -0.326144581913E-15
  0.104071748862E-15  0.371587891544E-16 -0.585747834786E-01  0.144191120005E-15
  0.464458388609E-15  0.151696001417E+00 -0.131837788954E-15 -0.117965490506E-15
  0.124010164532E+01 -0.116075487699E+01  0.621425556203E+00  0.396264743968E+00
  0.388524778171E-15 -0.393111461134E-01  0.940431044393E-01 -0.232442696571E-15
  0.411605646220E-01 -0.402255752029E-01  0.763781260250E-01  0.240323668859E-15
  0.347790775011E+00  0.322987235060E+00 -0.444696779573E-15  0.282859720998E+00
  0.264256654316E+00  0.277569507911E-15  0.900122402733E+00  0.526152121126E+00
 -0.272082406777E+00 -0.166850300571E+00 -0.124895821744E-15  0.714329960152E-01
  0.924269735332E-01  0.832636721956E-16 -0.185617126573E-01 -0.993293476989E-02
 -0.150188556460E+00  0.555771697895E-16 -0.355245044639E-01 -0.217687608446E+00
  0.288427925600E-15 -0.114447416845E+00 -0.106407864935E+00  0.172932894597E-17
  0.150967702705E+00  0.117971195348E+01  0.725888968575E+00 -0.621122218069E+00
 -0.482739767827E+00 -0.254372556438E+00 -0.146862063934E+00 -0.148937388153E+00
  0.185677889902E+00  0.107201179717E+00  0.114369818911E+00  0.146808581452E-01
 -0.414277599252E-01 -0.239183283448E-01 -0.194192339332E-01 -0.336350998164E-01
 -0.164688133446E+00 -0.276862500801E+00  0.594044547149E-01  0.182796756597E+00
 -0.349213073846E-01 -0.301789509977E+00  0.110101803788E+01 -0.810132979250E+00
 -0.586362259095E+00 -0.115865882610E+00 -0.668951985149E-01 -0.104406135599E+00
  0.702334917973E-01  0.405493253953E-01  0.111793625102E+00  0.320972103281E-01
 -0.313716195308E-01 -0.181124129810E-01 -0.145599133356E-01 -0.252185096510E-01
 -0.276862500801E+00 -0.356239172232E+00  0.247195210571E-01  0.221673081085E+00
 -0.749345192431E-01 -0.435420731660E+00 -0.390458581822E+00  0.100524321104E+01
 -0.538170318233E+00 -0.343175334900E+00  0.449029285950E-02 -0.758663177456E-01
 -0.814437174952E-01  0.239128377563E-01  0.298739392466E-01  0.348363700076E-01
 -0.661453974311E-01  0.246199385388E+00  0.175961448437E+00  0.741712798905E-01
  0.280164426649E+00 -0.128604407585E+00 -0.179614759027E+00  0.173479127424E-01
  0.189705127387E+00 -0.359219020563E-01 -0.244963704092E+00 -0.228852975757E+00
  0.985117213379E+00  0.580377438494E+00 -0.310712778101E+00 -0.198132371984E+00
 -0.758663177456E-01  0.920931708052E-01 -0.470215522196E-01  0.298739392466E-01
 -0.105826159753E-01  0.201127876015E-01 -0.381890630125E-01  0.175961448437E+00
  0.430166061438E-01  0.194518809827E+00  0.741712798905E-01 -0.142844145180E+00
 -0.132244273748E+00  0.868787317526E-01  0.177033678270E+00 -0.317549701837E-01
 -0.141429860499E+00 -0.132128327158E+00 -0.147215330419E+00  0.115510683467E+01
  0.526152121126E+00 -0.272082406777E+00 -0.166850300571E+00 -0.618627892176E-01
 -0.357164980076E-01  0.924269735332E-01  0.160749146989E-01  0.928085632864E-02
 -0.993293476989E-02 -0.150188556460E+00  0.307651233226E-01  0.177622522319E-01
  0.108843804223E+00  0.188522999003E+00 -0.349213073846E-01 -0.749345192431E-01
  0.953965984733E-02  0.469867648248E-01 -0.590154497278E-01 -0.114447416845E+00
 -0.106407864935E+00 -0.130741865693E+00 -0.754838513524E-01  0.117971195348E+01
  0.725888968575E+00 -0.621122218069E+00 -0.482739767827E+00  0.254372556438E+00
 -0.146862063934E+00 -0.148937388153E+00 -0.185677889902E+00  0.107201179717E+00
  0.114369818911E+00  0.146808581452E-01  0.414277599252E-01 -0.239183283448E-01
 -0.194192339332E-01  0.336350998164E-01 -0.164688133446E+00 -0.276862500801E+00
 -0.594044547149E-01  0.182796756597E+00 -0.349213073846E-01 -0.164688133446E+00
 -0.276862500801E+00 -0.188008862300E+00 -0.399526114176E-01 -0.349213073846E-01
 -0.301789509977E+00  0.110101803788E+01 -0.810132979250E+00 -0.586362259095E+00
  0.115865882610E+00 -0.668951985149E-01 -0.104406135599E+00 -0.702334917973E-01
  0.405493253953E-01  0.111793625102E+00  0.320972103281E-01  0.313716195308E-01
 -0.181124129810E-01 -0.145599133356E-01  0.252185096510E-01 -0.276862500801E+00
 -0.356239172232E+00 -0.247195210571E-01  0.221673081085E+00 -0.749345192431E-01
 -0.276862500801E+00 -0.356239172232E+00 -0.204334280084E+00 -0.894288073379E-01
 -0.749345192431E-01 -0.435420731660E+00 -0.390458581822E+00 -0.100524321104E+01
  0.538170318233E+00  0.343175334900E+00  0.449029285950E-02  0.758663177456E-01
  0.814437174952E-01  0.239128377563E-01 -0.298739392466E-01 -0.348363700076E-01
  0.661453974311E-01  0.246199385388E+00 -0.175961448437E+00 -0.741712798905E-01
  0.280164426649E+00  0.128604407585E+00  0.179614759027E+00  0.173479127424E-01
 -0.189705127387E+00  0.359219020563E-01  0.188008862300E+00  0.204334280084E+00
  0.256876561034E+00  0.514131978173E-01  0.454615619036E-01  0.244963704092E+00
  0.228852975757E+00  0.985117213379E+00  0.580377438494E+00 -0.310712778101E+00
 -0.198132371984E+00  0.758663177456E-01  0.920931708052E-01 -0.470215522196E-01
 -0.298739392466E-01 -0.105826159753E-01  0.201127876015E-01 -0.381890630125E-01
 -0.175961448437E+00  0.430166061438E-01  0.194518809827E+00 -0.741712798905E-01
 -0.142844145180E+00 -0.132244273748E+00 -0.868787317526E-01  0.177033678270E+00
 -0.317549701837E-01 -0.399526114176E-01 -0.894288073379E-01 -0.514131978173E-01
 -0.624949700216E-01 -0.152317946412E-01 -0.141429860499E+00 -0.132128327158E+00
  0.147215330419E+00  0.115510683467E+01  0.526152121126E+00 -0.272082406777E+00
 -0.166850300571E+00  0.618627892176E-01 -0.357164980076E-01  0.924269735332E-01
 -0.160749146989E-01  0.928085632864E-02 -0.993293476989E-02 -0.150188556460E+00
 -0.307651233226E-01  0.177622522319E-01  0.108843804223E+00 -0.188522999003E+00
 -0.349213073846E-01 -0.749345192431E-01 -0.953965984733E-02  0.469867648248E-01
 -0.590154497278E-01 -0.349213073846E-01 -0.749345192431E-01 -0.454615619036E-01
 -0.152317946412E-01 -0.590154497278E-01 -0.114447416845E+00 -0.106407864935E+00
  0.130741865693E+00 -0.754838513524E-01  0.117971195348E+01
 $END
 $LCAOMO
  0.988239105579E+00 -0.446996751943E-01  0.183065902695E-01  0.000000000000E+00
 -0.243078127071E-15 -0.393606416868E-02  0.000000000000E+00 -0.961416276452E-15
 -0.496316140804E-03  0.126568785842E-02  0.000000000000E+00  0.175677343766E-14
 -0.121118935194E-15  0.000000000000E+00  0.331377531631E-02 -0.292516265190E-02
  0.000000000000E+00 -0.332286290295E-02  0.150032303732E-02  0.331377531631E-02
 -0.292516265190E-02  0.287768368724E-02  0.166143145147E-02  0.150032303732E-02
  0.331377531631E-02 -0.292516265190E-02 -0.287768368724E-02  0.166143145147E-02
  0.150032303732E-02  0.258867704618E+00  0.519308612693E+00  0.172905685531E+00
  0.000000000000E+00 -0.172702564055E-14  0.118467767213E+00  0.000000000000E+00
 -0.440966707593E-14 -0.833759290478E-02 -0.153026870670E-02  0.000000000000E+00
 -0.447992337671E-15 -0.333283747822E-15  0.000000000000E+00  0.193599391480E+00
  0.246803850278E-01  0.000000000000E+00 -0.259729098688E-01  0.402279952866E-02
  0.193599391480E+00  0.246803850278E-01  0.224931997566E-01  0.129864549344E-01
  0.402279952866E-02  0.193599391480E+00  0.246803850278E-01 -0.224931997566E-01
  0.129864549344E-01  0.402279952866E-02  0.000000000000E+00  0.000000000000E+00
  0.000000000000E+00  0.466600511529E+00  0.000000000000E+00  0.000000000000E+00
 -0.194798760561E+00  0.000000000000E+00  0.000000000000E+00  0.000000000000E+00
  0.219480433014E-01  0.000000000000E+00  0.000000000000E+00  0.904293849579E-02
  0.000000000000E+00  0.000000000000E+00 -0.219061444740E-01  0.000000000000E+00
  0.000000000000E+00  0.324043969518E+00  0.134796145654E+00  0.570949799709E-02
  0.159438986146E-01  0.945715124349E-02 -0.324043969518E+00 -0.134796145654E+00
  0.570949799709E-02 -0.159438986146E-01 -0.945715124349E-02 -0.272351585728E-15
 -0.135308431126E-14  0.478783679370E-14  0.000000000000E+00  0.466600511529E+00
  0.357331352008E-14  0.000000000000E+00 -0.194798760561E+00 -0.293168267440E-14
  0.767181457251E-15  0.000000000000E+00  0.219480433014E-01  0.904293849579E-02
  0.000000000000E+00 -0.374173746061E+00 -0.155649181958E+00  0.000000000000E+00
  0.149147121541E-01 -0.109201776324E-01  0.187086873031E+00  0.778245909791E-01
  0.159438986146E-01 -0.127009303170E-01  0.546008881620E-02  0.187086873031E+00
  0.778245909791E-01 -0.159438986146E-01 -0.127009303170E-01  0.546008881620E-02
 -0.105746329192E+00 -0.215786863104E+00 -0.345517537827E+00  0.000000000000E+00
  0.550557863188E-15  0.536795398295E+00  0.000000000000E+00 -0.337577188425E-14
 -0.429798622637E+00  0.221279532279E-01  0.000000000000E+00  0.100397121172E-14
  0.276558290158E-14  0.000000000000E+00  0.934229013933E-01  0.623604564888E-01
  0.000000000000E+00 -0.936252426886E-02 -0.225175234723E-01  0.934229013933E-01
  0.623604564888E-01  0.810818386038E-02  0.468126213443E-02 -0.225175234723E-01
  0.934229013933E-01  0.623604564888E-01 -0.810818386038E-02  0.468126213443E-02
 -0.225175234723E-01  0.131844615382E+00  0.242822647347E+00  0.137896273642E+01
  0.000000000000E+00 -0.764319163515E-14  0.210566471657E+00  0.000000000000E+00
  0.917321774097E-14 -0.349796999140E+00  0.608028250373E-02  0.000000000000E+00
  0.111022302463E-15 -0.173472347598E-14  0.000000000000E+00 -0.922468260594E-01
 -0.743507855707E+00  0.000000000000E+00 -0.104347488489E-01  0.242819165833E-02
 -0.922468260594E-01 -0.743507855707E+00  0.903675758522E-02  0.521737442443E-02
  0.242819165833E-02 -0.922468260594E-01 -0.743507855707E+00 -0.903675758522E-02
  0.521737442443E-02  0.242819165833E-02  0.000000000000E+00  0.000000000000E+00
  0.000000000000E+00 -0.411555004101E+00  0.000000000000E+00  0.000000000000E+00
  0.762990135120E+00  0.000000000000E+00  0.000000000000E+00  0.000000000000E+00
 -0.705605086918E-02  0.000000000000E+00  0.000000000000E+00  0.918234700253E-02
  0.000000000000E+00  0.000000000000E+00  0.855800432751E-02  0.000000000000E+00
  0.000000000000E+00  0.135537125247E+00  0.130849036783E+01 -0.603812689999E-02
 -0.842708029332E-02 -0.829333469356E-02 -0.135537125247E+00 -0.130849036783E+01
 -0.603812689999E-02  0.842708029332E-02  0.829333469356E-02  0.203916744601E-14
  0.111161080341E-13 -0.128785870857E-13  0.000000000000E+00  0.411555004101E+00
  0.360388802134E-14  0.000000000000E+00 -0.762990135120E+00  0.725808302349E-14
  0.159594559790E-15  0.000000000000E+00  0.705605086919E-02 -0.918234700253E-02
  0.000000000000E+00  0.156504791493E+00  0.151091453220E+01  0.000000000000E+00
  0.109035039758E-01 -0.957631803561E-02 -0.782523957467E-01 -0.755457266100E+00
  0.842708029332E-02 -0.369262725168E-02  0.478815901781E-02 -0.782523957467E-01
 -0.755457266100E+00 -0.842708029332E-02 -0.369262725168E-02  0.478815901781E-02
  0.000000000000E+00  0.000000000000E+00  0.000000000000E+00 -0.135293796633E+00
  0.000000000000E+00  0.000000000000E+00  0.520119362490E+00  0.000000000000E+00
  0.000000000000E+00  0.000000000000E+00  0.663806230898E-01  0.000000000000E+00
  0.000000000000E+00  0.912608647873E-01  0.000000000000E+00  0.000000000000E+00
  0.903822295413E-01  0.000000000000E+00  0.000000000000E+00  0.922585300730E+00
 -0.730026936051E+00 -0.128672402244E-01 -0.596111091629E-01 -0.426805406330E-01
 -0.922585300730E+00  0.730026936051E+00 -0.128672402244E-01  0.596111091629E-01
  0.426805406330E-01  0.325710595647E-14  0.212243417286E-13 -0.365922570023E-13
  0.000000000000E+00  0.135293796633E+00  0.420665021914E-14  0.000000000000E+00
 -0.520119362490E+00  0.689639317875E-14 -0.183035010759E-14  0.000000000000E+00
 -0.663806230898E-01 -0.912608647873E-01  0.000000000000E+00  0.106530974345E+01
 -0.842962496089E+00  0.000000000000E+00  0.472837301464E-01 -0.492832432473E-01
 -0.532654871727E+00  0.421481248045E+00  0.596111091630E-01 -0.559657396194E-01
  0.246416216236E-01 -0.532654871727E+00  0.421481248045E+00 -0.596111091630E-01
 -0.559657396194E-01  0.246416216236E-01 -0.174687160488E+00 -0.809273330233E+00
  0.130323292265E+01  0.000000000000E+00 -0.369669572731E-14 -0.402741108878E+00
  0.000000000000E+00 -0.127953203588E-13 -0.314494491154E+00 -0.748590206389E-01
  0.000000000000E+00  0.936750677027E-16 -0.117267306976E-14  0.000000000000E+00
  0.579641011233E+00 -0.644664358283E+00  0.000000000000E+00  0.171633469910E+00
  0.298864909958E-02  0.579641011233E+00 -0.644664358283E+00 -0.148638945082E+00
 -0.858167349551E-01  0.298864909958E-02  0.579641011233E+00 -0.644664358283E+00
  0.148638945082E+00 -0.858167349551E-01  0.298864909958E-02 -0.167706657013E+00
 -0.842553825628E+00  0.778819646418E+00  0.000000000000E+00 -0.899454122294E-14
  0.846437917416E+00  0.000000000000E+00 -0.260139132457E-13  0.960630240850E+00
 -0.466137243169E-03  0.000000000000E+00  0.368195057776E-14 -0.879504802320E-15
  0.000000000000E+00  0.170259985007E+00 -0.123438591616E+00  0.000000000000E+00
 -0.120976019218E-01  0.114137382281E-01  0.170259985007E+00 -0.123438591616E+00
  0.104768305891E-01  0.604880096088E-02  0.114137382281E-01  0.170259985007E+00
 -0.123438591616E+00 -0.104768305891E-01  0.604880096088E-02  0.114137382281E-01
  0.000000000000E+00  0.000000000000E+00  0.000000000000E+00  0.893459513329E+00
  0.000000000000E+00  0.000000000000E+00  0.173658688827E+01  0.000000000000E+00
  0.000000000000E+00  0.000000000000E+00 -0.347250627401E-01  0.000000000000E+00
  0.000000000000E+00 -0.377412279002E-01  0.000000000000E+00  0.000000000000E+00
  0.653097875534E-02  0.000000000000E+00  0.000000000000E+00  0.525202680732E-01
  0.109351599879E+01  0.150989000995E+00  0.834028780266E-01  0.839725111943E-01
 -0.525202680732E-01 -0.109351599879E+01  0.150989000995E+00 -0.834028780266E-01
 -0.839725111943E-01 -0.583821185840E-14 -0.467820227001E-13  0.106414876910E-12
  0.000000000000E+00  0.893459513329E+00  0.543835809719E-14  0.000000000000E+00
  0.173658688827E+01 -0.147798440153E-13 -0.719910242530E-15  0.000000000000E+00
 -0.347250627401E-01 -0.377412279002E-01  0.000000000000E+00 -0.606451818200E-01
 -0.126268351253E+01  0.000000000000E+00  0.199141675075E+00 -0.969631038851E-01
  0.303225909100E-01  0.631341756264E+00  0.834028780266E-01  0.546836528352E-01
  0.484815519425E-01  0.303225909100E-01  0.631341756264E+00 -0.834028780266E-01
  0.546836528352E-01  0.484815519425E-01 -0.183447563655E+00 -0.151090868101E+01
  0.360320400450E+01  0.000000000000E+00 -0.172604985860E-13 -0.243944902414E+00
  0.000000000000E+00 -0.374145159299E-13 -0.918279692289E+00  0.990559258621E-01
  0.000000000000E+00 -0.312250225676E-15 -0.532907051820E-14  0.000000000000E+00
 -0.651013476033E+00 -0.556179768746E+00  0.000000000000E+00 -0.854225903490E-02
 -0.165320779878E+00 -0.651013476033E+00 -0.556179768747E+00  0.739781332993E-02
  0.427112951745E-02 -0.165320779878E+00 -0.651013476033E+00 -0.556179768747E+00
 -0.739781332993E-02  0.427112951745E-02 -0.165320779878E+00  0.000000000000E+00
  0.000000000000E+00  0.000000000000E+00  0.172924901452E-01  0.000000000000E+00
  0.000000000000E+00 -0.338444234519E+00  0.000000000000E+00  0.000000000000E+00
  0.000000000000E+00 -0.196706327165E+00  0.000000000000E+00  0.000000000000E+00
  0.161701852536E+00  0.000000000000E+00  0.000000000000E+00  0.490666087926E+00
  0.000000000000E+00  0.000000000000E+00 -0.138646833595E+00 -0.513770850666E-01
 -0.400699136481E-01 -0.306420573377E+00  0.386001641848E+00  0.138646833595E+00
  0.513770850666E-01 -0.400699136481E-01  0.306420573377E+00 -0.386001641848E+00
 -0.175911802486E-14 -0.742288175370E-14  0.496824803520E-14  0.000000000000E+00
 -0.172924901452E-01  0.832450428034E-15  0.000000000000E+00  0.338444234519E+00
  0.120042864538E-14  0.127935856353E-14  0.000000000000E+00  0.196706327165E+00
 -0.161701852536E+00  0.000000000000E+00 -0.160095573396E+00 -0.593251477867E-01
  0.000000000000E+00  0.216981914173E+00  0.445716303657E+00  0.800477866982E-01
  0.296625738934E-01  0.306420573377E+00 -0.313754087401E+00 -0.222858151828E+00
  0.800477866982E-01  0.296625738934E-01 -0.306420573377E+00 -0.313754087401E+00
 -0.222858151828E+00  0.000000000000E+00  0.000000000000E+00  0.000000000000E+00
 -0.127090178659E-14  0.000000000000E+00  0.000000000000E+00 -0.581132364452E-14
  0.000000000000E+00  0.000000000000E+00  0.000000000000E+00  0.627102536566E-15
  0.000000000000E+00  0.000000000000E+00  0.752436307705E-15  0.000000000000E+00
  0.000000000000E+00  0.611529658159E+00  0.000000000000E+00  0.000000000000E+00
 -0.255438031838E-14  0.693889390391E-17 -0.305764829080E+00  0.529600219134E+00
 -0.542664871372E-14  0.255438031838E-14 -0.693889390391E-17 -0.305764829080E+00
 -0.529600219134E+00  0.542664871372E-14 -0.920885321103E-01 -0.863777355378E+00
  0.181195540671E+01  0.000000000000E+00 -0.692154666915E-15 -0.100943070717E+00
  0.000000000000E+00 -0.122263310587E-13 -0.106021966975E+01 -0.305890316259E+00
  0.000000000000E+00  0.381639164715E-15  0.988792381307E-15  0.000000000000E+00
 -0.534583568059E+00 -0.194921848645E+00  0.000000000000E+00  0.704682435094E-01
  0.519499770478E+00 -0.534583568059E+00 -0.194921848645E+00 -0.610272890392E-01
 -0.352341217547E-01  0.519499770478E+00 -0.534583568059E+00 -0.194921848645E+00
  0.610272890392E-01 -0.352341217547E-01  0.519499770478E+00  0.000000000000E+00
  0.000000000000E+00  0.000000000000E+00  0.708025700552E-02  0.000000000000E+00
  0.000000000000E+00  0.923959858340E+00  0.000000000000E+00  0.000000000000E+00
  0.000000000000E+00  0.996665904870E-01  0.000000000000E+00  0.000000000000E+00
 -0.542341034937E-01  0.000000000000E+00  0.000000000000E+00 -0.636928795712E+00
  0.000000000000E+00  0.000000000000E+00  0.341648025251E+00  0.155868048885E+00
 -0.383867614169E+00  0.146104941285E+00  0.530982294822E+00 -0.341648025251E+00
 -0.155868048885E+00 -0.383867614169E+00 -0.146104941285E+00 -0.530982294822E+00
  0.345426812154E-15  0.777850006628E-14 -0.940914013370E-14  0.000000000000E+00
  0.708025700552E-02  0.303099559340E-14  0.000000000000E+00  0.923959858340E+00
 -0.137390099297E-14 -0.245203163329E-14  0.000000000000E+00  0.996665904870E-01
 -0.542341034937E-01  0.000000000000E+00 -0.394501158693E+00 -0.179980919964E+00
  0.000000000000E+00 -0.299513886989E+00 -0.613125541701E+00  0.197250579347E+00
  0.899904599819E-01  0.146104941285E+00 -0.552575068531E+00  0.306562770850E+00
  0.197250579347E+00  0.899904599819E-01 -0.146104941285E+00 -0.552575068531E+00
  0.306562770850E+00  0.000000000000E+00  0.000000000000E+00  0.000000000000E+00
  0.679412889237E+00  0.000000000000E+00  0.000000000000E+00 -0.461506967819E-01
  0.000000000000E+00  0.000000000000E+00  0.000000000000E+00 -0.197838648414E+00
  0.000000000000E+00  0.000000000000E+00 -0.216809533541E+00  0.000000000000E+00
  0.000000000000E+00  0.573736901659E-01  0.000000000000E+00  0.000000000000E+00
 -0.543408753314E-01 -0.337473515814E+00 -0.573264371939E+00 -0.364099054918E+00
 -0.353427337792E+00  0.543408753314E-01  0.337473515814E+00 -0.573264371939E+00
  0.364099054918E+00  0.353427337792E+00  0.126287869051E-14  0.501682029252E-14
  0.242583730881E-13  0.000000000000E+00 -0.679412889237E+00  0.730145111039E-14
  0.000000000000E+00  0.461506967819E-01 -0.951322354226E-14  0.266193317389E-14
  0.000000000000E+00  0.197838648414E+00  0.216809533542E+00  0.000000000000E+00
 -0.627474380012E-01 -0.389680850399E+00  0.000000000000E+00  0.783477059308E+00
 -0.408102737226E+00  0.313737190006E-01  0.194840425199E+00  0.364099054918E+00
  0.152838997203E+00  0.204051368613E+00  0.313737190006E-01  0.194840425199E+00
 -0.364099054918E+00  0.152838997203E+00  0.204051368613E+00  0.166558023267E+00
  0.693886263699E+00  0.173048394817E+01  0.000000000000E+00  0.215105711021E-14
  0.475727611677E+00  0.000000000000E+00  0.149880108324E-14 -0.878313910905E+00
  0.407231929997E+00  0.000000000000E+00 -0.133365540833E-13 -0.348679418671E-14
  0.000000000000E+00 -0.689011074289E+00 -0.318243528529E+00  0.000000000000E+00
  0.801507723552E+00  0.861173999363E-01 -0.689011074288E+00 -0.318243528529E+00
 -0.694126049926E+00 -0.400753861776E+00  0.861173999363E-01 -0.689011074288E+00
 -0.318243528529E+00  0.694126049926E+00 -0.400753861776E+00  0.861173999363E-01
  0.000000000000E+00  0.000000000000E+00  0.000000000000E+00  0.266680753280E-01
  0.000000000000E+00  0.000000000000E+00  0.368429998603E+00  0.000000000000E+00
  0.000000000000E+00  0.000000000000E+00 -0.758918756719E+00  0.000000000000E+00
  0.000000000000E+00  0.784155963512E+00  0.000000000000E+00  0.000000000000E+00
 -0.547804277939E+00  0.000000000000E+00  0.000000000000E+00  0.977127808828E-01
  0.762958599482E-01 -0.630270383995E-01  0.279886269745E+00 -0.233293050870E+00
 -0.977127808828E-01 -0.762958599482E-01 -0.630270383995E-01 -0.279886269745E+00
  0.233293050870E+00  0.122455214371E-13  0.522446669260E-13  0.108697773005E-12
  0.000000000000E+00  0.266680753280E-01  0.327114637461E-13  0.000000000000E+00
  0.368429998603E+00 -0.821565038223E-14 -0.962849591724E-13  0.000000000000E+00
 -0.758918756719E+00  0.784155963512E+00  0.000000000000E+00 -0.112829000692E+00
 -0.880988705583E-01  0.000000000000E+00  0.985653747802E-01  0.269383611440E+00
  0.564145003459E-01  0.440494352791E-01  0.279886269745E+00 -0.386211864759E+00
 -0.134691805720E+00  0.564145003459E-01  0.440494352791E-01 -0.279886269745E+00
 -0.386211864759E+00 -0.134691805720E+00  0.143720084615E+00  0.658511343189E+00
  0.122528655462E+01  0.000000000000E+00  0.403496680512E-14  0.371226468979E+00
  0.000000000000E+00 -0.492245133543E-13 -0.177543561453E+00 -0.999907834963E+00
  0.000000000000E+00  0.805223943079E-13 -0.640668074148E-13  0.000000000000E+00
 -0.561359981067E+00 -0.203343460743E+00  0.000000000000E+00  0.429488378915E+00
 -0.488167381773E+00 -0.561359981067E+00 -0.203343460743E+00 -0.371947846771E+00
 -0.214744189458E+00 -0.488167381773E+00 -0.561359981067E+00 -0.203343460743E+00
  0.371947846771E+00 -0.214744189458E+00 -0.488167381773E+00  0.000000000000E+00
  0.000000000000E+00  0.000000000000E+00 -0.666936086225E+00  0.000000000000E+00
  0.000000000000E+00  0.100458910237E+01  0.000000000000E+00  0.000000000000E+00
  0.000000000000E+00 -0.954128629633E+00  0.000000000000E+00  0.000000000000E+00
 -0.973673997053E+00  0.000000000000E+00  0.000000000000E+00 -0.496183644368E-01
  0.000000000000E+00  0.000000000000E+00  0.985910329800E+00  0.365138639038E+00
  0.679571637336E+00  0.420998043814E+00  0.364017287857E+00 -0.985910329800E+00
 -0.365138639038E+00  0.679571637336E+00 -0.420998043814E+00 -0.364017287857E+00
 -0.925474974434E-15 -0.431599200823E-14  0.721644966006E-14  0.000000000000E+00
  0.666936086225E+00 -0.325781068788E-14  0.000000000000E+00 -0.100458910237E+01
 -0.612010442325E-14  0.132584915269E-13  0.000000000000E+00  0.954128629633E+00
  0.973673997053E+00  0.000000000000E+00  0.113843118861E+01  0.421625783080E+00
  0.000000000000E+00 -0.922634971260E+00  0.420330958268E+00 -0.569215594307E+00
 -0.210812891540E+00 -0.420998043814E+00 -0.193444969487E+00 -0.210165479134E+00
 -0.569215594307E+00 -0.210812891540E+00  0.420998043814E+00 -0.193444969487E+00
 -0.210165479134E+00
 $END
 $KINETIC
  0.222269164732E+02 -0.545355808987E+00  0.880977848565E+00 -0.849477186923E-01
  0.338325124753E+00  0.281468883795E+00  0.000000000000E+00  0.000000000000E+00
  0.000000000000E+00  0.320549869583E+01  0.000000000000E+00  0.000000000000E+00
  0.000000000000E+00 -0.370074341542E-16  0.320549869583E+01  0.000000000000E+00
  0.000000000000E+00  0.000000000000E+00  0.000000000000E+00  0.000000000000E+00
  0.320549869583E+01  0.000000000000E+00  0.000000000000E+00  0.000000000000E+00
 -0.460408203122E+00  0.000000000000E+00  0.000000000000E+00  0.548858700850E+00
  0.000000000000E+00  0.000000000000E+00  0.000000000000E+00  0.000000000000E+00
 -0.460408203122E+00  0.000000000000E+00  0.000000000000E+00  0.548858700850E+00
  0.000000000000E+00  0.000000000000E+00  0.000000000000E+00  0.000000000000E+00
  0.000000000000E+00 -0.460408203122E+00  0.000000000000E+00  0.000000000000E+00
  0.548858700850E+00  0.555111512313E-15  0.444089209850E-15  0.222044604925E-15
  0.000000000000E+00  0.000000000000E+00  0.000000000000E+00  0.000000000000E+00
  0.000000000000E+00  0.000000000000E+00  0.350000000000E+01  0.000000000000E+00
  0.000000000000E+00  0.000000000000E+00  0.000000000000E+00  0.000000000000E+00
  0.000000000000E+00  0.000000000000E+00  0.000000000000E+00  0.000000000000E+00
  0.000000000000E+00  0.350000000000E+01  0.000000000000E+00  0.000000000000E+00
  0.000000000000E+00  0.000000000000E+00  0.000000000000E+00  0.000000000000E+00
  0.000000000000E+00  0.000000000000E+00  0.000000000000E+00  0.000000000000E+00
  0.000000000000E+00  0.350000000000E+01  0.000000000000E+00  0.000000000000E+00
  0.000000000000E+00  0.000000000000E+00  0.000000000000E+00  0.000000000000E+00
  0.000000000000E+00  0.000000000000E+00  0.000000000000E+00  0.000000000000E+00
  0.000000000000E+00  0.000000000000E+00  0.350000000000E+01  0.000000000000E+00
  0.000000000000E+00  0.000000000000E+00  0.000000000000E+00  0.000000000000E+00
  0.000000000000E+00  0.000000000000E+00  0.000000000000E+00  0.000000000000E+00
  0.000000000000E+00  0.000000000000E+00  0.000000000000E+00  0.555111512313E-16
  0.350000000000E+01  0.934355748159E-02  0.761848642369E-01  0.128992076174E+00
  0.693889390391E-17 -0.204597708769E+00  0.928188033360E-01  0.000000000000E+00
  0.325619214038E+00 -0.147722014934E+00 -0.863442021204E-01  0.600925839495E-17
 -0.230623653140E+00 -0.254178406339E+00 -0.120185167899E-16  0.969225931578E+00
 -0.180714492167E-01  0.100630687739E+00  0.131407223931E+00  0.000000000000E+00
 -0.585122593528E-01  0.265449595027E-01 -0.346944695195E-17  0.142859805619E+00
 -0.648104823959E-01 -0.551854814771E-02  0.375578649684E-18 -0.147399327645E-01
 -0.162453962054E-01  0.450694379621E-17  0.201141594920E+00  0.182924430000E+00
  0.000000000000E+00  0.000000000000E+00  0.693889390391E-17 -0.131163631838E+00
 -0.693889390391E-17  0.138777878078E-16  0.202283128436E+00  0.000000000000E+00
 -0.693889390391E-17 -0.287042525166E-16 -0.209215196195E+00  0.000000000000E+00
 -0.824864609369E-16  0.461166792100E+00  0.000000000000E+00  0.000000000000E+00
  0.200000000000E+01 -0.244268436749E-01 -0.299107059056E+00 -0.137483761681E+00
  0.277555756156E-16  0.627493827872E+00 -0.344176276342E+00  0.173472347598E-16
 -0.136705164547E+00  0.153787097075E+00  0.747170371944E-01 -0.360555503697E-16
  0.701513749372E+00  0.542579479535E+00  0.480740671596E-16  0.000000000000E+00
  0.000000000000E+00  0.000000000000E+00  0.200000000000E+01  0.110816021002E-01
  0.135694380245E+00  0.623715598488E-01  0.000000000000E+00 -0.344176276342E+00
  0.249770712960E-01 -0.693889390391E-17  0.153787097075E+00  0.132515317228E+00
 -0.396267848283E+00 -0.150231459874E-17  0.480010171766E-01 -0.455364472783E+00
 -0.240370335798E-16  0.000000000000E+00  0.000000000000E+00  0.000000000000E+00
  0.000000000000E+00  0.200000000000E+01  0.934355748159E-02  0.761848642369E-01
  0.128992076174E+00  0.177186813350E+00  0.102298854384E+00  0.928188033360E-01
 -0.281994511317E+00 -0.162809607019E+00 -0.147722014934E+00 -0.863442021204E-01
  0.199725942333E+00  0.115311826570E+00  0.127089203169E+00  0.220124956983E+00
 -0.340314922467E-01  0.303964462696E-01  0.119973333633E-01  0.207799909406E-01
  0.000000000000E+00  0.969225931578E+00 -0.180714492167E-01  0.100630687739E+00
  0.131407223931E+00  0.506731030323E-01  0.292561296764E-01  0.265449595027E-01
 -0.123720220846E+00 -0.714299028096E-01 -0.648104823959E-01 -0.551854814771E-02
  0.127651562241E-01  0.736996638224E-02  0.812269810272E-02  0.140689258085E-01
  0.303964462696E-01  0.632140455354E-01 -0.236534755844E-01 -0.409690214878E-01
  0.000000000000E+00  0.201141594920E+00  0.182924430000E+00  0.211542671567E-01
  0.259034311593E+00  0.119064430224E+00  0.437829462944E+00  0.328508316440E+00
  0.298065398693E+00 -0.519580913014E-01 -0.146786236655E+00 -0.133183532841E+00
 -0.647068523058E-01  0.473831512980E+00  0.394357201411E+00  0.352527277545E-01
  0.522226307676E+00 -0.119973333633E-01  0.236534755844E-01 -0.135451138215E-01
  0.169731367415E-01  0.000000000000E+00  0.000000000000E+00  0.000000000000E+00
  0.200000000000E+01  0.122134218375E-01  0.149553529528E+00  0.687418808407E-01
  0.328508316440E+00  0.585007330895E-01  0.172088138171E+00 -0.146786236655E+00
  0.117536055191E+00 -0.768935485373E-01 -0.373585185972E-01  0.394357201411E+00
  0.184670401970E-01  0.481519963959E+00  0.352527277545E-01 -0.207799909406E-01
  0.409690214878E-01  0.169731367415E-01  0.605377631196E-02  0.000000000000E+00
  0.000000000000E+00  0.000000000000E+00  0.555111512313E-16  0.200000000000E+01
  0.110816021002E-01  0.135694380245E+00  0.623715598488E-01  0.298065398693E+00
  0.172088138171E+00  0.249770712960E-01 -0.133183532841E+00 -0.768935485373E-01
  0.132515317228E+00 -0.396267848283E+00 -0.415701002825E-01 -0.240005085883E-01
  0.227682236392E+00  0.394357201411E+00  0.000000000000E+00  0.000000000000E+00
  0.000000000000E+00  0.000000000000E+00 -0.233445588882E-01  0.000000000000E+00
  0.000000000000E+00  0.000000000000E+00  0.000000000000E+00  0.200000000000E+01
  0.934355748159E-02  0.761848642369E-01  0.128992076174E+00 -0.177186813350E+00
  0.102298854384E+00  0.928188033360E-01  0.281994511317E+00 -0.162809607019E+00
 -0.147722014934E+00 -0.863442021204E-01 -0.199725942333E+00  0.115311826570E+00
  0.127089203169E+00 -0.220124956983E+00 -0.340314922467E-01  0.303964462696E-01
 -0.119973333633E-01  0.207799909406E-01  0.000000000000E+00 -0.340314922467E-01
  0.303964462696E-01 -0.239946667267E-01 -0.866004843880E-17  0.000000000000E+00
  0.969225931578E+00 -0.180714492167E-01  0.100630687739E+00  0.131407223931E+00
 -0.506731030323E-01  0.292561296764E-01  0.265449595027E-01  0.123720220846E+00
 -0.714299028096E-01 -0.648104823959E-01 -0.551854814771E-02 -0.127651562241E-01
  0.736996638224E-02  0.812269810272E-02 -0.140689258085E-01  0.303964462696E-01
  0.632140455354E-01  0.236534755844E-01 -0.409690214878E-01  0.000000000000E+00
  0.303964462696E-01  0.632140455354E-01  0.473069511689E-01  0.170738144972E-16
  0.000000000000E+00  0.201141594920E+00  0.182924430000E+00 -0.211542671567E-01
 -0.259034311593E+00 -0.119064430224E+00  0.437829462944E+00 -0.328508316440E+00
 -0.298065398693E+00 -0.519580913014E-01  0.146786236655E+00  0.133183532841E+00
  0.647068523058E-01  0.473831512980E+00 -0.394357201411E+00 -0.352527277545E-01
  0.522226307676E+00  0.119973333633E-01 -0.236534755844E-01 -0.135451138215E-01
 -0.169731367415E-01  0.000000000000E+00  0.239946667267E-01 -0.473069511689E-01
  0.158532213787E-01  0.202647119120E-26  0.000000000000E+00  0.000000000000E+00
  0.000000000000E+00  0.200000000000E+01  0.122134218375E-01  0.149553529528E+00
  0.687418808407E-01 -0.328508316440E+00  0.585007330895E-01  0.172088138171E+00
  0.146786236655E+00  0.117536055191E+00 -0.768935485373E-01 -0.373585185972E-01
 -0.394357201411E+00  0.184670401970E-01  0.481519963959E+00 -0.352527277545E-01
 -0.207799909406E-01  0.409690214878E-01 -0.169731367415E-01  0.605377631196E-02
  0.000000000000E+00 -0.866004843632E-17  0.170738144924E-16  0.202648351716E-26
 -0.233445588882E-01  0.000000000000E+00  0.000000000000E+00  0.000000000000E+00
 -0.555111512313E-16  0.200000000000E+01  0.110816021002E-01  0.135694380245E+00
  0.623715598488E-01 -0.298065398693E+00  0.172088138171E+00  0.249770712960E-01
  0.133183532841E+00 -0.768935485373E-01  0.132515317228E+00 -0.396267848283E+00
  0.415701002825E-01 -0.240005085883E-01  0.227682236392E+00 -0.394357201411E+00
  0.000000000000E+00  0.000000000000E+00  0.000000000000E+00  0.000000000000E+00
 -0.233445588882E-01  0.000000000000E+00  0.000000000000E+00  0.000000000000E+00
  0.000000000000E+00 -0.233445588882E-01  0.000000000000E+00  0.000000000000E+00
  0.000000000000E+00  0.000000000000E+00  0.200000000000E+01
 $END
 $NUCLEAR
 -0.481969583514E+02  0.903162750522E+01 -0.100945991502E+02  0.402598029451E+01
 -0.671547964964E+01 -0.623694172208E+01 -0.179753461476E-32  0.102716263701E-31
  0.462223186653E-32 -0.103950898591E+02  0.513581318503E-33  0.410865054803E-32
  0.205432527401E-32  0.148029736617E-15 -0.103950898591E+02  0.263820129961E-01
 -0.187259175893E+00 -0.165134303274E+00  0.308148791102E-32 -0.205432527401E-32
 -0.103296398967E+02  0.128395329626E-33 -0.410865054803E-32 -0.154074395551E-31
  0.385517102467E+01  0.000000000000E+00 -0.154074395551E-32 -0.482239954246E+01
 -0.256790659252E-33  0.205432527401E-32 -0.821730109605E-32 -0.513581318503E-33
  0.385517102467E+01  0.102716263701E-32  0.740148683083E-16 -0.482239954246E+01
 -0.381441310230E-02  0.142207914214E+00  0.232593642685E+00 -0.154074395551E-32
  0.102716263701E-32  0.379669683708E+01  0.205432527401E-32  0.102716263701E-32
 -0.470364717154E+01 -0.144778521382E-02  0.621908351037E-01  0.673637258527E-01
 -0.289120579329E-18  0.346944695195E-17 -0.120128059188E+00 -0.289120579329E-18
  0.102716263701E-31  0.848692633677E-01 -0.742906527403E+01 -0.166790425775E-33
  0.711639149973E-32  0.444774468733E-32 -0.183618278374E+00  0.000000000000E+00
  0.142327829995E-31  0.165499564561E+00  0.200308613165E-17 -0.142327829995E-31
  0.125192883228E-18 -0.747817845731E+01  0.277984042958E-33 -0.177909787493E-32
  0.444774468733E-32  0.000000000000E+00 -0.183618278374E+00 -0.355819574986E-32
  0.000000000000E+00  0.165499564561E+00  0.177909787493E-31  0.346944695195E-17
  0.000000000000E+00 -0.747817845731E+01  0.000000000000E+00  0.000000000000E+00
  0.000000000000E+00 -0.205316328459E-16 -0.677742842821E-01  0.000000000000E+00
  0.245378051087E-16  0.783480468631E-01  0.000000000000E+00  0.444089209850E-15
 -0.158293517157E-16 -0.497961964275E-01 -0.753767276210E+01 -0.250185638662E-33
  0.128197512426E-15  0.115641361871E-31 -0.677742842821E-01  0.220339474446E-16
  0.289103404676E-32  0.783480468631E-01 -0.260401197074E-16 -0.533729362480E-32
 -0.128197512426E-15 -0.497961964275E-01  0.151788304122E-16  0.222044604925E-15
 -0.753767276210E+01  0.119660987439E+01 -0.271699622061E+01 -0.295053406147E+01
 -0.555111512313E-16  0.215419373177E+01 -0.101355947746E+01  0.111022302463E-15
 -0.290825676560E+01  0.136052189425E+01  0.420039450349E+00  0.000000000000E+00
  0.117266161803E+01  0.125623656704E+01  0.000000000000E+00 -0.559504272777E+01
  0.185696142129E+01 -0.358224360902E+01 -0.401595730761E+01 -0.277555756156E-16
  0.917038953346E+00 -0.499806334715E+00  0.555111512313E-16 -0.175564437435E+01
  0.935547122815E+00  0.792913884612E-01  0.000000000000E+00  0.175550684106E+00
  0.168759045748E+00  0.120185167899E-16 -0.346981511732E+01 -0.415460175555E+01
  0.555111512313E-16  0.000000000000E+00 -0.555111512313E-16  0.130792505208E+01
  0.111022302463E-15 -0.555111512313E-16 -0.162965412620E+01 -0.111022302463E-15
  0.277555756156E-16  0.000000000000E+00  0.850633320707E+00  0.480740671596E-16
  0.288444402958E-15 -0.182404406805E+01 -0.555111512313E-16 -0.277555756156E-16
 -0.489102374282E+01 -0.190456451930E+01  0.333893415853E+01  0.217248582670E+01
  0.000000000000E+00 -0.266202395222E+01  0.183840164305E+01 -0.555111512313E-16
  0.766617767256E+00 -0.111093955074E+01  0.127508681468E+00  0.120185167899E-15
 -0.172934250834E+01 -0.953126862290E+00 -0.480740671596E-16  0.112163584511E+01
  0.941069922495E+00 -0.222044604925E-15 -0.563310237843E+01  0.863089947571E+00
 -0.148701578804E+01 -0.946479875082E+00 -0.555111512313E-16  0.177758305344E+01
  0.478468710906E+00  0.277555756156E-16 -0.104584224703E+01 -0.113626573883E+01
  0.138753861979E+01  0.240370335798E-16 -0.665626129508E+00  0.124830622632E+01
  0.961481343192E-16 -0.457775045489E+00 -0.382023508058E+00 -0.138777878078E-16
  0.322043809881E+00 -0.502102016783E+01  0.119660987439E+01 -0.271699622061E+01
 -0.295053406147E+01 -0.186558649639E+01 -0.107709686589E+01 -0.101355947746E+01
  0.251862423974E+01  0.145412838280E+01  0.136052189425E+01  0.420039450349E+00
 -0.101555475126E+01 -0.586330809014E+00 -0.628118283518E+00 -0.108793278022E+01
 -0.609444600753E+00 -0.156801166048E+01  0.302244998974E+00  0.698309575891E+00
 -0.747590288872E-01 -0.559504272777E+01  0.185696142129E+01 -0.358224360902E+01
 -0.401595730761E+01 -0.794179029857E+00 -0.458519476673E+00 -0.499806334715E+00
  0.152043262820E+01  0.877822187174E+00  0.935547122815E+00  0.792913884612E-01
 -0.152031352087E+00 -0.877753420528E-01 -0.843795228741E-01 -0.146149620736E+00
 -0.156801166048E+01 -0.268082349842E+01  0.361908048344E+00  0.112785567210E+01
 -0.207500483479E+00 -0.346981511732E+01 -0.415460175555E+01  0.164940125686E+01
 -0.289160180285E+01 -0.188142791529E+01 -0.166953670114E+01 -0.171903834472E+01
 -0.159210252524E+01  0.167549793892E+00  0.103761616705E+01  0.962101873010E+00
 -0.110425757354E+00 -0.108434855108E+01 -0.111716230455E+01  0.377118212392E+00
 -0.117085616373E+01 -0.453631332940E+00 -0.795797639668E+00  0.153146215060E+00
  0.657350879624E+00 -0.653831347618E-01 -0.971365135657E+00 -0.814990459618E+00
 -0.544758271953E+01  0.952282259650E+00 -0.166946707927E+01 -0.108624291335E+01
 -0.171903834472E+01  0.315437801004E+00 -0.919200821527E+00  0.103761616705E+01
 -0.103058615284E+01  0.555469775370E+00 -0.637543407339E-01 -0.111716230455E+01
  0.205639363446E+00 -0.160631476661E+01  0.377118212392E+00 -0.610906635224E+00
 -0.877349399749E+00  0.446883931431E+00  0.790676480471E+00 -0.673476755349E-01
 -0.560817922553E+00 -0.470534961247E+00 -0.321329475019E+00 -0.507654340173E+01
  0.863089947571E+00 -0.148701578804E+01 -0.946479875082E+00 -0.153943208161E+01
 -0.888791526719E+00  0.478468710906E+00  0.905725954277E+00  0.522921123514E+00
 -0.113626573883E+01  0.138753861979E+01  0.576449137577E+00  0.332813064754E+00
 -0.624153113158E+00 -0.108106490369E+01 -0.747590288872E-01 -0.207500483479E+00
  0.256332305181E-01  0.902972934503E-01 -0.160022619612E+00 -0.457775045489E+00
 -0.382023508058E+00 -0.278898120488E+00 -0.161021904940E+00 -0.502102016783E+01
  0.119660987439E+01 -0.271699622061E+01 -0.295053406147E+01  0.186558649639E+01
 -0.107709686589E+01 -0.101355947746E+01 -0.251862423974E+01  0.145412838280E+01
  0.136052189425E+01  0.420039450349E+00  0.101555475126E+01 -0.586330809014E+00
 -0.628118283518E+00  0.108793278022E+01 -0.609444600753E+00 -0.156801166048E+01
 -0.302244998974E+00  0.698309575891E+00 -0.747590288872E-01 -0.609444600753E+00
 -0.156801166048E+01 -0.755876331915E+00 -0.874029406668E-01 -0.747590288872E-01
 -0.559504272777E+01  0.185696142129E+01 -0.358224360902E+01 -0.401595730761E+01
  0.794179029857E+00 -0.458519476673E+00 -0.499806334715E+00 -0.152043262820E+01
  0.877822187174E+00  0.935547122815E+00  0.792913884612E-01  0.152031352087E+00
 -0.877753420528E-01 -0.843795228741E-01  0.146149620736E+00 -0.156801166048E+01
 -0.268082349842E+01 -0.361908048344E+00  0.112785567210E+01 -0.207500483479E+00
 -0.156801166048E+01 -0.268082349842E+01 -0.115770568801E+01 -0.250506272350E+00
 -0.207500483479E+00 -0.346981511732E+01 -0.415460175555E+01 -0.164940125686E+01
  0.289160180285E+01  0.188142791529E+01 -0.166953670114E+01  0.171903834472E+01
  0.159210252524E+01  0.167549793892E+00 -0.103761616705E+01 -0.962101873010E+00
  0.110425757354E+00 -0.108434855108E+01  0.111716230455E+01 -0.377118212392E+00
 -0.117085616373E+01  0.453631332940E+00  0.795797639668E+00  0.153146215060E+00
 -0.657350879624E+00  0.653831347618E-01  0.755876331915E+00  0.115770568801E+01
  0.110944161318E+01  0.105233474096E+00  0.910163652800E-01  0.971365135657E+00
  0.814990459618E+00 -0.544758271953E+01  0.952282259650E+00 -0.166946707927E+01
 -0.108624291335E+01  0.171903834472E+01  0.315437801004E+00 -0.919200821527E+00
 -0.103761616705E+01 -0.103058615284E+01  0.555469775370E+00 -0.637543407339E-01
  0.111716230455E+01  0.205639363446E+00 -0.160631476661E+01 -0.377118212392E+00
 -0.610906635224E+00 -0.877349399749E+00 -0.446883931431E+00  0.790676480471E+00
 -0.673476755349E-01 -0.874029406668E-01 -0.250506272350E+00 -0.105233474096E+00
 -0.165618917646E+00 -0.229496179154E-01 -0.560817922553E+00 -0.470534961247E+00
  0.321329475019E+00 -0.507654340173E+01  0.863089947571E+00 -0.148701578804E+01
 -0.946479875082E+00  0.153943208161E+01 -0.888791526719E+00  0.478468710906E+00
 -0.905725954277E+00  0.522921123514E+00 -0.113626573883E+01  0.138753861979E+01
 -0.576449137577E+00  0.332813064754E+00 -0.624153113158E+00  0.108106490369E+01
 -0.747590288872E-01 -0.207500483479E+00 -0.256332305181E-01  0.902972934503E-01
 -0.160022619612E+00 -0.747590288872E-01 -0.207500483479E+00 -0.910163652800E-01
 -0.229496179154E-01 -0.160022619612E+00 -0.457775045489E+00 -0.382023508058E+00
  0.278898120488E+00 -0.161021904940E+00 -0.502102016783E+01
 $END
 $DIPOLE
  0.000000000000E+00  0.000000000000E+00  0.000000000000E+00  0.000000000000E+00
  0.000000000000E+00  0.000000000000E+00  0.428410369857E-01 -0.307732139349E+00
 -0.282561734045E+00  0.000000000000E+00  0.000000000000E+00  0.000000000000E+00
  0.000000000000E+00  0.000000000000E+00  0.000000000000E+00  0.000000000000E+00
  0.000000000000E+00  0.000000000000E+00  0.000000000000E+00  0.000000000000E+00
  0.000000000000E+00 -0.619412227753E-02  0.258050032256E+00  0.606121961540E+00
  0.000000000000E+00  0.000000000000E+00  0.000000000000E+00  0.000000000000E+00
  0.000000000000E+00  0.000000000000E+00  0.000000000000E+00  0.000000000000E+00
  0.000000000000E+00  0.000000000000E+00  0.000000000000E+00  0.000000000000E+00
  0.000000000000E+00  0.000000000000E+00  0.000000000000E+00  0.000000000000E+00
  0.000000000000E+00  0.000000000000E+00  0.000000000000E+00  0.000000000000E+00
  0.000000000000E+00  0.000000000000E+00  0.000000000000E+00  0.000000000000E+00
  0.143813623845E+00  0.000000000000E+00  0.000000000000E+00 -0.129665875274E+00
  0.000000000000E+00  0.000000000000E+00  0.000000000000E+00  0.000000000000E+00
  0.000000000000E+00  0.000000000000E+00  0.000000000000E+00  0.000000000000E+00
 -0.249092503320E+00  0.000000000000E+00  0.000000000000E+00  0.224587883983E+00
  0.000000000000E+00  0.000000000000E+00  0.000000000000E+00  0.000000000000E+00
  0.000000000000E+00  0.000000000000E+00  0.000000000000E+00  0.000000000000E+00
  0.000000000000E+00  0.000000000000E+00  0.000000000000E+00  0.000000000000E+00
  0.000000000000E+00  0.000000000000E+00  0.000000000000E+00  0.000000000000E+00
  0.000000000000E+00 -0.249092503320E+00  0.000000000000E+00  0.000000000000E+00
  0.224587883983E+00  0.000000000000E+00  0.000000000000E+00  0.000000000000E+00
  0.000000000000E+00  0.000000000000E+00  0.000000000000E+00  0.000000000000E+00
  0.000000000000E+00  0.000000000000E+00  0.000000000000E+00 -0.249092503320E+00
  0.000000000000E+00  0.000000000000E+00  0.224587883983E+00  0.000000000000E+00
  0.000000000000E+00  0.000000000000E+00  0.000000000000E+00  0.000000000000E+00
  0.000000000000E+00  0.166307172366E-27 -0.864464328184E-26 -0.192503163400E-25
 -0.862577064725E-01  0.616328517111E-26 -0.279606627877E-26  0.164464079867E+00
 -0.213035990410E-25  0.966469557080E-26  0.465226035447E-26 -0.440101532447E-01
  0.371657811293E-26 -0.155169057631E-26  0.970102629294E-01 -0.547156451221E-25
  0.711176587541E-28 -0.420050578765E-26 -0.157181289485E-25 -0.159738032815E+00
  0.882835307928E-27 -0.400511410014E-27  0.505506793420E+00 -0.808519176147E-26
  0.366796787979E-26  0.203727712529E-26 -0.268364665301E-01  0.130646337449E-27
 -0.329995734094E-26  0.591548195641E-01 -0.374692641905E-25 -0.547156451221E-25
 -0.171681573582E-02  0.924275924830E-01  0.186830827425E+00  0.413938205203E-26
 -0.810492435294E-01  0.367691986433E-01 -0.235778146894E-25  0.234695330259E+00
 -0.106473038404E+00 -0.511648087490E-01  0.237218895382E-26 -0.543277425676E-01
 -0.648637677783E-02 -0.522894507657E-26  0.325467544386E+00  0.286336034364E+00
 -0.547156451221E-25 -0.440487281636E-27  0.114967084560E-25  0.104294339970E-25
  0.909985598744E-01 -0.748980096847E-26  0.553853389825E-26 -0.644072870307E-01
  0.118509799786E-26 -0.673641426080E-26 -0.432642371133E-26  0.679096782095E-01
 -0.570503680179E-26  0.591315095185E-26 -0.963011388660E-01  0.000000000000E+00
  0.000000000000E+00  0.000000000000E+00 -0.547156451221E-25  0.199833627719E-27
 -0.521565333067E-26 -0.473146834783E-26 -0.412828544546E-01  0.553853389825E-26
  0.220598491202E-26  0.292193267671E-01 -0.673641426080E-26 -0.106077033960E-25
  0.744108239439E-26  0.225818924973E-01 -0.294884648181E-26  0.480329447081E-27
  0.679096782095E-01  0.000000000000E+00  0.000000000000E+00  0.000000000000E+00
  0.000000000000E+00 -0.547156451221E-25  0.247386077697E-02 -0.128591230562E+00
 -0.286353269436E+00 -0.165655268966E+00 -0.458402040788E-01 -0.415921851019E-01
  0.438904380654E+00  0.158448181536E+00  0.143764763442E+00  0.692035361518E-01
 -0.918883926562E-01 -0.276425144126E-01 -0.114479135512E+00 -0.101273416184E+00
 -0.364221047243E-01 -0.176863051228E+00  0.352738636857E-01  0.271534111366E-01
  0.000000000000E+00 -0.813908903796E+00  0.105789295818E-02 -0.624835740012E-01
 -0.233811098702E+00 -0.171111021341E+00 -0.656619798692E-02 -0.595770737885E-02
  0.609663018604E+00  0.601346246477E-01  0.545619394514E-01  0.303050066955E-01
 -0.285194976497E-01 -0.971698469980E-03 -0.523005194189E-01 -0.314323373317E-01
 -0.441855734998E-01 -0.228542605766E+00  0.113226912376E+00  0.139060005593E-01
  0.000000000000E+00 -0.557364674678E+00 -0.813908903796E+00  0.395769315033E-02
 -0.556769658433E-01  0.524752662972E-01 -0.746281815128E-01 -0.381119425131E-01
 -0.345801027603E-01 -0.185065329130E+00 -0.217034959770E-01 -0.196922295652E-01
  0.456967172018E-02 -0.636478868032E-01 -0.299561567582E-01 -0.207928889914E-02
 -0.701485654839E-01 -0.711289475298E-02  0.525297548388E-01  0.824790796267E-02
  0.142857956475E-01  0.000000000000E+00  0.325467544386E+00  0.286336034364E+00
 -0.813908903796E+00  0.327617923294E-02 -0.855082066179E-01 -0.775702193842E-01
 -0.124135844215E+00  0.247898623000E-01 -0.411935383719E-01  0.127847812668E+00
 -0.148031931347E+00  0.501029233438E-01  0.321783173020E-01 -0.910748671468E-01
  0.140709416276E-01 -0.153019297833E+00  0.428280921449E-01 -0.462626080475E-01
 -0.912245601701E-01  0.462982564569E-01  0.432261267538E-01  0.000000000000E+00
  0.000000000000E+00  0.000000000000E+00  0.000000000000E+00 -0.813908903796E+00
  0.297257518421E-02 -0.775841475591E-01 -0.703817748604E-01 -0.112632155858E+00
 -0.411935383719E-01  0.328145772114E-01  0.116000135606E+00  0.501029233438E-01
 -0.157792240657E+00  0.110687961389E+00  0.605699485945E-01  0.219324144138E-01
 -0.917897700584E-01 -0.910748671468E-01  0.000000000000E+00  0.000000000000E+00
  0.000000000000E+00  0.000000000000E+00 -0.924120143287E-02  0.000000000000E+00
  0.000000000000E+00  0.000000000000E+00  0.000000000000E+00 -0.813908903796E+00
 -0.247386077697E-02  0.128591230562E+00  0.286353269436E+00 -0.165655268966E+00
  0.458402040788E-01  0.415921851019E-01  0.438904380654E+00 -0.158448181536E+00
 -0.143764763442E+00 -0.692035361518E-01 -0.918883926562E-01  0.276425144126E-01
  0.114479135512E+00 -0.101273416184E+00  0.364221047243E-01  0.176863051228E+00
  0.352738636857E-01 -0.271534111366E-01  0.000000000000E+00 -0.293752382974E-16
  0.132677477728E+00 -0.246856550437E-02  0.796374605264E-17  0.000000000000E+00
  0.813908903796E+00 -0.105789295818E-02  0.624835740012E-01  0.233811098702E+00
 -0.171111021341E+00  0.656619798692E-02  0.595770737885E-02  0.609663018604E+00
 -0.601346246477E-01 -0.545619394514E-01 -0.303050066955E-01 -0.285194976497E-01
  0.971698469980E-03  0.523005194189E-01 -0.314323373317E-01  0.441855734998E-01
  0.228542605766E+00  0.113226912376E+00 -0.139060005593E-01  0.000000000000E+00
 -0.132677477728E+00 -0.587504765948E-16  0.159184968004E-01  0.322224621353E-16
  0.000000000000E+00  0.557364674678E+00  0.813908903796E+00  0.395769315033E-02
 -0.556769658433E-01  0.524752662972E-01  0.746281815128E-01 -0.381119425131E-01
 -0.345801027603E-01  0.185065329130E+00 -0.217034959770E-01 -0.196922295652E-01
  0.456967172018E-02  0.636478868032E-01 -0.299561567582E-01 -0.207928889914E-02
  0.701485654839E-01 -0.711289475298E-02  0.525297548388E-01 -0.824790796267E-02
  0.142857956475E-01  0.000000000000E+00 -0.246856550437E-02  0.159184968004E-01
  0.440628574461E-16 -0.667058667079E-17  0.000000000000E+00  0.325467544386E+00
  0.286336034364E+00  0.813908903796E+00 -0.327617923294E-02  0.855082066179E-01
  0.775702193842E-01 -0.124135844215E+00 -0.247898623000E-01  0.411935383719E-01
  0.127847812668E+00  0.148031931347E+00 -0.501029233438E-01 -0.321783173020E-01
 -0.910748671468E-01 -0.140709416276E-01  0.153019297833E+00  0.428280921449E-01
  0.462626080475E-01  0.912245601701E-01  0.462982564569E-01 -0.432261267538E-01
  0.000000000000E+00  0.796374605264E-17  0.322224621353E-16  0.667058667079E-17
 -0.367190478717E-17  0.000000000000E+00  0.000000000000E+00  0.000000000000E+00
  0.000000000000E+00  0.813908903796E+00 -0.297257518421E-02  0.775841475591E-01
  0.703817748604E-01 -0.112632155858E+00  0.411935383719E-01 -0.328145772114E-01
  0.116000135606E+00 -0.501029233438E-01  0.157792240657E+00 -0.110687961389E+00
  0.605699485945E-01 -0.219324144138E-01  0.917897700584E-01 -0.910748671468E-01
  0.000000000000E+00  0.000000000000E+00  0.000000000000E+00  0.000000000000E+00
  0.924120143287E-02  0.000000000000E+00  0.000000000000E+00  0.000000000000E+00
  0.000000000000E+00 -0.367190478717E-17  0.000000000000E+00  0.000000000000E+00
  0.000000000000E+00  0.000000000000E+00  0.813908903796E+00
  0.000000000000E+00  0.000000000000E+00  0.000000000000E+00  0.000000000000E+00
  0.000000000000E+00  0.000000000000E+00  0.000000000000E+00  0.000000000000E+00
  0.000000000000E+00  0.000000000000E+00  0.428410369857E-01 -0.307732139349E+00
 -0.282561734045E+00  0.000000000000E+00  0.000000000000E+00  0.000000000000E+00
  0.000000000000E+00  0.000000000000E+00  0.000000000000E+00  0.000000000000E+00
  0.000000000000E+00  0.000000000000E+00  0.000000000000E+00  0.000000000000E+00
  0.000000000000E+00  0.000000000000E+00  0.000000000000E+00  0.000000000000E+00
 -0.619412227753E-02  0.258050032256E+00  0.606121961540E+00  0.000000000000E+00
  0.000000000000E+00  0.000000000000E+00  0.000000000000E+00  0.000000000000E+00
  0.000000000000E+00  0.000000000000E+00  0.000000000000E+00  0.000000000000E+00
  0.000000000000E+00  0.000000000000E+00  0.000000000000E+00  0.000000000000E+00
  0.000000000000E+00  0.000000000000E+00  0.000000000000E+00  0.000000000000E+00
  0.000000000000E+00  0.143813623845E+00  0.000000000000E+00  0.000000000000E+00
 -0.129665875274E+00  0.000000000000E+00  0.000000000000E+00  0.000000000000E+00
  0.000000000000E+00  0.000000000000E+00  0.000000000000E+00  0.000000000000E+00
  0.000000000000E+00  0.000000000000E+00  0.000000000000E+00  0.000000000000E+00
  0.000000000000E+00  0.000000000000E+00  0.000000000000E+00  0.000000000000E+00
  0.000000000000E+00  0.000000000000E+00  0.000000000000E+00 -0.249092503320E+00
  0.000000000000E+00  0.000000000000E+00  0.224587883983E+00  0.000000000000E+00
  0.000000000000E+00  0.000000000000E+00  0.000000000000E+00  0.000000000000E+00
  0.000000000000E+00  0.000000000000E+00  0.249092503320E+00  0.000000000000E+00
  0.000000000000E+00 -0.224587883983E+00  0.000000000000E+00  0.000000000000E+00
  0.000000000000E+00  0.000000000000E+00  0.000000000000E+00  0.000000000000E+00
  0.000000000000E+00  0.000000000000E+00 -0.249092503320E+00  0.000000000000E+00
  0.000000000000E+00  0.224587883983E+00  0.000000000000E+00  0.000000000000E+00
  0.000000000000E+00  0.000000000000E+00  0.000000000000E+00  0.000000000000E+00
  0.000000000000E+00 -0.285656837104E-02  0.148484363160E+00  0.330652274384E+00
  0.616328517111E-26 -0.192121123131E+00  0.480265185296E-01 -0.213035990410E-25
  0.530384480917E+00 -0.166005249746E+00 -0.799093604522E-01  0.371657811293E-26
 -0.107847805793E+00 -0.167367975888E+00 -0.138402033405E-25  0.939821049404E+00
 -0.122154956836E-02  0.721498165390E-01  0.269981801550E+00  0.882835307928E-27
 -0.174902017517E+00  0.687936791786E-02 -0.808519176147E-26  0.644381760332E+00
 -0.630027008595E-01 -0.349932075468E-01  0.130646337449E-27 -0.290805080229E-01
 -0.616280562970E-01 -0.373192705517E-26  0.643589289924E+00  0.939821049404E+00
 -0.440487281636E-27  0.114967084560E-25  0.104294339970E-25 -0.810492435294E-01
 -0.175062892787E-25  0.553853389825E-26  0.234695330259E+00  0.185986180218E-25
 -0.673641426080E-26 -0.432642371133E-26 -0.543277425676E-01 -0.128216036632E-25
 -0.254605195076E-25  0.173143147398E+00  0.000000000000E+00  0.000000000000E+00
  0.939821049404E+00  0.584919611238E-02 -0.105045151952E+00  0.769007925462E-02
 -0.748980096847E-26  0.138597577556E+00 -0.583632032282E-01  0.118509799786E-26
  0.149932255747E+00  0.923470671456E-02  0.231478318766E-01 -0.570503680179E-26
  0.111574267853E+00  0.845489045228E-01  0.143184234792E-25  0.325467544386E+00
  0.286336034364E+00  0.000000000000E+00  0.939821049404E+00 -0.343243416558E-02
  0.895864569562E-01  0.812698733233E-01  0.553853389825E-26 -0.136415256326E+00
 -0.378910099727E-01 -0.673641426080E-26  0.144927071886E+00  0.182202785238E+00
 -0.127811448608E+00 -0.294884648181E-26  0.732326339603E-01 -0.144069715599E+00
 -0.128216036632E-25  0.000000000000E+00  0.000000000000E+00  0.000000000000E+00
  0.000000000000E+00  0.939821049404E+00  0.142828418552E-02 -0.742421815802E-01
 -0.165326137192E+00 -0.458402040788E-01 -0.112723560637E+00 -0.240132592648E-01
  0.158448181536E+00  0.255944180129E+00  0.830026248731E-01  0.399546802261E-01
 -0.276425144126E-01 -0.599695663819E-01  0.309157032249E-01 -0.114479135512E+00
  0.210283119670E-01 -0.510908247274E-01 -0.217906016528E-01 -0.181455947335E-01
  0.000000000000E+00 -0.469910524702E+00  0.610774784180E-03 -0.360749082695E-01
 -0.134990900775E+00 -0.656619798692E-02 -0.163529028991E+00 -0.343968395893E-02
  0.601346246477E-01  0.540225535148E+00  0.315013504297E-01  0.174966037734E-01
 -0.971698469980E-03 -0.273974769033E-01  0.289591005988E-01 -0.523005194189E-01
  0.178713307718E+00  0.131949134960E+00 -0.561810399270E-01  0.788986363415E-02
  0.000000000000E+00 -0.321794644962E+00 -0.469910524702E+00  0.327617923294E-02
 -0.855082066179E-01 -0.775702193842E-01 -0.381119425131E-01 -0.124207906113E+00
 -0.411935383719E-01 -0.217034959770E-01  0.110998533564E+00  0.501029233438E-01
  0.321783173020E-01 -0.299561567582E-01 -0.917897700584E-01  0.803262989763E-01
 -0.918940509873E-01  0.268140474189E-02 -0.211375196839E-01 -0.476193188250E-02
 -0.824790796267E-02  0.000000000000E+00  0.000000000000E+00  0.000000000000E+00
 -0.469910524702E+00  0.174687226227E-03  0.430594063742E-01  0.142045640382E+00
  0.247898623000E-01  0.933777549960E-02  0.129860981754E-01 -0.148031931347E+00
 -0.170610297026E+00 -0.775461021247E-01 -0.325866485926E-01  0.140709416276E-01
  0.133289411551E-02 -0.369519749733E-01  0.254443337310E-02  0.242411637052E-01
  0.685870211713E-01 -0.267303108284E-01 -0.249566159173E-01  0.000000000000E+00
  0.325467544386E+00  0.286336034364E+00  0.000000000000E+00 -0.469910524702E+00
  0.171621708279E-02 -0.447932284781E-01 -0.406349366617E-01 -0.411935383719E-01
 -0.650659549225E-01  0.189455049864E-01  0.501029233438E-01  0.581462630468E-01
 -0.911013926192E-01  0.639057243042E-01  0.219324144138E-01  0.352445778630E-01
  0.149148297574E-01 -0.917897700584E-01  0.000000000000E+00  0.000000000000E+00
  0.000000000000E+00  0.000000000000E+00  0.533541013490E-02  0.000000000000E+00
  0.000000000000E+00  0.000000000000E+00  0.000000000000E+00 -0.469910524702E+00
  0.142828418552E-02 -0.742421815802E-01 -0.165326137192E+00  0.458402040788E-01
 -0.112723560637E+00 -0.240132592648E-01 -0.158448181536E+00  0.255944180129E+00
  0.830026248731E-01  0.399546802261E-01  0.276425144126E-01 -0.599695663819E-01
  0.309157032249E-01  0.114479135512E+00  0.210283119670E-01 -0.510908247274E-01
  0.217906016528E-01 -0.181455947335E-01  0.000000000000E+00 -0.420566239340E-01
 -0.127622482991E+00 -0.489440127893E-01  0.195968344566E-01  0.000000000000E+00
 -0.469910524702E+00  0.610774784180E-03 -0.360749082695E-01 -0.134990900775E+00
  0.656619798692E-02 -0.163529028991E+00 -0.343968395893E-02 -0.601346246477E-01
  0.540225535148E+00  0.315013504297E-01  0.174966037734E-01  0.971698469980E-03
 -0.273974769033E-01  0.289591005988E-01  0.523005194189E-01  0.178713307718E+00
  0.131949134960E+00  0.561810399270E-01  0.788986363415E-02  0.000000000000E+00
 -0.127622482991E+00 -0.263898269920E+00 -0.700870404862E-01  0.105198279210E+00
  0.000000000000E+00 -0.321794644962E+00 -0.469910524702E+00 -0.327617923294E-02
  0.855082066179E-01  0.775702193842E-01 -0.381119425131E-01  0.124207906113E+00
  0.411935383719E-01 -0.217034959770E-01 -0.110998533564E+00 -0.501029233438E-01
 -0.321783173020E-01 -0.299561567582E-01  0.917897700584E-01 -0.803262989763E-01
 -0.918940509873E-01 -0.268140474189E-02  0.211375196839E-01 -0.476193188250E-02
  0.824790796267E-02  0.000000000000E+00  0.489440127893E-01  0.700870404862E-01
  0.701079158694E-01 -0.184824028657E-01  0.000000000000E+00  0.000000000000E+00
  0.000000000000E+00 -0.469910524702E+00  0.174687226227E-03  0.430594063742E-01
  0.142045640382E+00 -0.247898623000E-01  0.933777549960E-02  0.129860981754E-01
  0.148031931347E+00 -0.170610297026E+00 -0.775461021247E-01 -0.325866485926E-01
 -0.140709416276E-01  0.133289411551E-02 -0.369519749733E-01 -0.254443337310E-02
  0.242411637052E-01  0.685870211713E-01  0.267303108284E-01 -0.249566159173E-01
  0.000000000000E+00  0.195968344566E-01  0.105198279210E+00  0.184824028657E-01
 -0.106708202698E-01  0.000000000000E+00  0.325467544386E+00  0.286336034364E+00
  0.000000000000E+00 -0.469910524702E+00  0.171621708279E-02 -0.447932284781E-01
 -0.406349366617E-01  0.411935383719E-01 -0.650659549225E-01  0.189455049864E-01
 -0.501029233438E-01  0.581462630468E-01 -0.911013926192E-01  0.639057243042E-01
 -0.219324144138E-01  0.352445778630E-01  0.149148297574E-01  0.917897700584E-01
  0.000000000000E+00  0.000000000000E+00  0.000000000000E+00  0.000000000000E+00
  0.533541013490E-02  0.000000000000E+00  0.000000000000E+00  0.000000000000E+00
  0.000000000000E+00 -0.106708202698E-01  0.000000000000E+00  0.000000000000E+00
  0.000000000000E+00  0.000000000000E+00 -0.469910524702E+00
  0.127909152572E+00 -0.429553892181E-01  0.127909152572E+00 -0.198420540209E-01
  0.101434001442E+00  0.127909152572E+00  0.000000000000E+00  0.000000000000E+00
  0.000000000000E+00  0.127909152572E+00  0.000000000000E+00  0.000000000000E+00
  0.000000000000E+00  0.000000000000E+00  0.127909152572E+00  0.428410369857E-01
 -0.307732139349E+00 -0.282561734045E+00  0.000000000000E+00  0.000000000000E+00
  0.127909152572E+00  0.000000000000E+00  0.000000000000E+00  0.000000000000E+00
 -0.669136006565E-01  0.000000000000E+00  0.000000000000E+00  0.127909152572E+00
  0.000000000000E+00  0.000000000000E+00  0.000000000000E+00  0.000000000000E+00
 -0.669136006565E-01  0.000000000000E+00  0.000000000000E+00  0.127909152572E+00
 -0.619412227753E-02  0.258050032256E+00  0.606121961540E+00  0.000000000000E+00
  0.000000000000E+00 -0.669136006565E-01  0.000000000000E+00  0.000000000000E+00
  0.127909152572E+00  0.000000000000E+00  0.000000000000E+00  0.000000000000E+00
  0.000000000000E+00  0.000000000000E+00 -0.287627247689E+00  0.000000000000E+00
  0.000000000000E+00  0.259331750549E+00  0.127909152572E+00  0.000000000000E+00
  0.000000000000E+00  0.000000000000E+00 -0.249092503320E+00  0.000000000000E+00
  0.000000000000E+00  0.224587883983E+00  0.000000000000E+00  0.000000000000E+00
  0.000000000000E+00  0.127909152572E+00  0.000000000000E+00  0.000000000000E+00
  0.000000000000E+00  0.000000000000E+00 -0.249092503320E+00  0.000000000000E+00
  0.000000000000E+00  0.224587883983E+00  0.000000000000E+00  0.000000000000E+00
  0.000000000000E+00  0.127909152572E+00  0.000000000000E+00  0.000000000000E+00
  0.000000000000E+00  0.000000000000E+00  0.000000000000E+00  0.000000000000E+00
  0.000000000000E+00  0.000000000000E+00  0.000000000000E+00  0.000000000000E+00
  0.000000000000E+00  0.000000000000E+00  0.127909152572E+00  0.000000000000E+00
  0.000000000000E+00  0.000000000000E+00  0.000000000000E+00  0.000000000000E+00
  0.000000000000E+00  0.000000000000E+00  0.000000000000E+00  0.000000000000E+00
  0.000000000000E+00  0.000000000000E+00  0.000000000000E+00  0.000000000000E+00
  0.127909152572E+00 -0.474368867901E-02 -0.238841327763E-01 -0.880841469198E-01
 -0.628714900819E-27  0.107990958810E-01 -0.911568774496E-01  0.554219078594E-26
 -0.951952142539E-01  0.207650809198E+00 -0.479640046296E-01 -0.609174971258E-26
  0.104634690769E+00  0.840314898823E-02  0.978449500019E-27 -0.298454689334E+00
 -0.868563417789E-02  0.243794154878E-01 -0.291976952348E-01  0.573198513470E-27
 -0.984552091535E-02 -0.155271465350E+00  0.586566585016E-27 -0.100751370517E-01
  0.510077529672E+00 -0.316589178629E-01 -0.333963073113E-26  0.573630312015E-01
 -0.197479271659E-02 -0.229941769317E-27 -0.204381718950E+00 -0.298454689334E+00
 -0.363469603061E-27 -0.250223856894E-26 -0.297908756484E-26  0.133535827140E-01
  0.189967413089E-26 -0.615968037021E-26 -0.657653288529E-01 -0.416088904562E-26
  0.563739118532E-26 -0.466924506503E-26  0.614002733647E-01  0.100224095542E-25
  0.246899130027E-26 -0.176565163345E-01  0.000000000000E+00  0.000000000000E+00
 -0.298454689334E+00  0.624312082976E-02  0.429795988419E-01  0.511701761937E-01
  0.189967413089E-26 -0.192760926053E-01  0.105801498942E+00 -0.416088904562E-26
  0.570401233068E-02 -0.968304200355E-01  0.802010976412E-01  0.100224095542E-25
 -0.110749236045E+00 -0.709549581707E-02 -0.185413696058E-26  0.000000000000E+00
  0.000000000000E+00  0.000000000000E+00 -0.298454689334E+00 -0.454910065235E-02
  0.729292561801E-01  0.163616713497E+00  0.385680794004E-26 -0.662463044613E-01
  0.212435272336E-02 -0.117761288386E-25  0.202272197254E+00 -0.128309802425E+00
  0.187991597111E-01 -0.355948484485E-27  0.611393464293E-02 -0.486473884274E-01
 -0.566442567550E-26  0.325467544386E+00  0.286336034364E+00  0.000000000000E+00
  0.000000000000E+00 -0.298454689334E+00 -0.474368867901E-02 -0.238841327763E-01
 -0.880841469198E-01 -0.935229137084E-02 -0.539954794050E-02 -0.911568774496E-01
  0.824414738626E-01  0.475976071269E-01  0.207650809198E+00 -0.479640046296E-01
 -0.906163003232E-01 -0.523173453846E-01 -0.420157449412E-02 -0.727734049559E-02
 -0.267114609502E-01 -0.810569810862E-01  0.155429271786E-01  0.269211395717E-01
  0.195968344566E-01 -0.298454689334E+00 -0.868563417789E-02  0.243794154878E-01
 -0.291976952348E-01  0.852647122618E-02  0.492276045767E-02 -0.155271465350E+00
  0.872532463335E-02  0.503756852583E-02  0.510077529672E+00 -0.316589178629E-01
 -0.496778422586E-01 -0.286815156008E-01  0.987396358295E-03  0.171022065978E-02
 -0.810569810862E-01 -0.167609942796E+00  0.222572221679E-01  0.385506396301E-01
  0.105198279210E+00 -0.204381718950E+00 -0.298454689334E+00 -0.540670123747E-02
 -0.372214244415E-01 -0.443146724999E-01 -0.111186737755E-01 -0.141290638719E-01
 -0.916267858427E-01 -0.121633229652E-01  0.309471325284E-01  0.838576036099E-01
 -0.694561879687E-01 -0.677118586925E-01 -0.745429241989E-01  0.457305602898E-02
 -0.973575094642E-02 -0.155429271786E-01 -0.222572221679E-01  0.604890006038E-02
  0.222157471986E-01  0.924120143287E-02  0.000000000000E+00  0.000000000000E+00
 -0.298454689334E+00 -0.312156041488E-02 -0.214897994209E-01 -0.255850880969E-01
 -0.141290638719E-01  0.519616388414E-02 -0.529007494712E-01  0.309471325284E-01
 -0.478979935570E-01  0.484152100177E-01 -0.401005488206E-01 -0.745429241989E-01
  0.183628960123E-01 -0.150162612051E-01  0.457305602898E-02 -0.269211395717E-01
 -0.385506396301E-01  0.222157471986E-01  0.317014353111E-01  0.160062304047E-01
  0.000000000000E+00  0.000000000000E+00  0.000000000000E+00 -0.298454689334E+00
 -0.454910065235E-02  0.729292561801E-01  0.163616713497E+00  0.573709825703E-01
  0.331231522306E-01  0.212435272336E-02 -0.175172861301E+00 -0.101136098627E+00
 -0.128309802425E+00  0.187991597111E-01 -0.529482271785E-02 -0.305696732146E-02
  0.243236942137E-01  0.421298742059E-01  0.195968344566E-01  0.105198279210E+00
 -0.924120143287E-02 -0.160062304047E-01 -0.677736756499E-02  0.325467544386E+00
  0.286336034364E+00  0.000000000000E+00  0.000000000000E+00 -0.298454689334E+00
 -0.474368867901E-02 -0.238841327763E-01 -0.880841469198E-01  0.935229137084E-02
 -0.539954794050E-02 -0.911568774496E-01 -0.824414738626E-01  0.475976071269E-01
  0.207650809198E+00 -0.479640046296E-01  0.906163003232E-01 -0.523173453846E-01
 -0.420157449412E-02  0.727734049559E-02 -0.267114609502E-01 -0.810569810862E-01
 -0.155429271786E-01  0.269211395717E-01  0.195968344566E-01 -0.267114609502E-01
 -0.810569810862E-01 -0.310858543572E-01  0.112193683490E-16  0.195968344566E-01
 -0.298454689334E+00 -0.868563417789E-02  0.243794154878E-01 -0.291976952348E-01
 -0.852647122618E-02  0.492276045767E-02 -0.155271465350E+00 -0.872532463335E-02
  0.503756852583E-02  0.510077529672E+00 -0.316589178629E-01  0.496778422586E-01
 -0.286815156008E-01  0.987396358295E-03 -0.171022065978E-02 -0.810569810862E-01
 -0.167609942796E+00 -0.222572221679E-01  0.385506396301E-01  0.105198279210E+00
 -0.810569810862E-01 -0.167609942796E+00 -0.445144443358E-01  0.160659553415E-16
  0.105198279210E+00 -0.204381718950E+00 -0.298454689334E+00  0.540670123747E-02
  0.372214244415E-01  0.443146724999E-01 -0.111186737755E-01  0.141290638719E-01
  0.916267858427E-01 -0.121633229652E-01 -0.309471325284E-01 -0.838576036099E-01
  0.694561879687E-01 -0.677118586925E-01  0.745429241989E-01 -0.457305602898E-02
 -0.973575094642E-02  0.155429271786E-01  0.222572221679E-01  0.604890006038E-02
 -0.222157471986E-01 -0.924120143287E-02  0.310858543572E-01  0.445144443358E-01
  0.445277029365E-01 -0.185167979465E-16 -0.184824028657E-01  0.000000000000E+00
  0.000000000000E+00 -0.298454689334E+00 -0.312156041488E-02 -0.214897994209E-01
 -0.255850880969E-01  0.141290638719E-01  0.519616388414E-02 -0.529007494712E-01
 -0.309471325284E-01 -0.478979935570E-01  0.484152100177E-01 -0.401005488206E-01
  0.745429241989E-01  0.183628960123E-01 -0.150162612051E-01 -0.457305602898E-02
 -0.269211395717E-01 -0.385506396301E-01 -0.222157471986E-01  0.317014353111E-01
  0.160062304047E-01 -0.112193683490E-16 -0.160659553415E-16 -0.185167979465E-16
 -0.677736756499E-02  0.667058667079E-17  0.000000000000E+00  0.000000000000E+00
  0.000000000000E+00 -0.298454689334E+00 -0.454910065235E-02  0.729292561801E-01
  0.163616713497E+00 -0.573709825703E-01  0.331231522306E-01  0.212435272336E-02
  0.175172861301E+00 -0.101136098627E+00 -0.128309802425E+00  0.187991597111E-01
  0.529482271785E-02 -0.305696732146E-02  0.243236942137E-01 -0.421298742059E-01
  0.195968344566E-01  0.105198279210E+00  0.924120143287E-02 -0.160062304047E-01
 -0.677736756499E-02  0.195968344566E-01  0.105198279210E+00  0.184824028657E-01
 -0.667058667079E-17 -0.677736756499E-02  0.325467544386E+00  0.286336034364E+00
  0.000000000000E+00  0.000000000000E+00 -0.298454689334E+00
 $END
